# Time-averaged data for fix f_shear
# TimeStep v_shear_stress
206000 -14.0729
207000 1.3848
208000 -0.539906
209000 -1.0513
210000 -0.108094
211000 -0.7511
212000 2.35989
213000 -2.42717
214000 -1.25299
215000 -1.08459
216000 0.438134
217000 -0.00725636
218000 -1.04762
219000 -0.861817
220000 -1.45537
221000 -0.0787901
222000 -0.601021
223000 -1.96864
224000 0.211391
225000 0.613124
226000 -2.8506
227000 -3.36707
228000 -1.40584
229000 -3.04168
230000 -2.08307
231000 -2.26137
232000 -1.87686
233000 -2.58679
234000 -2.80136
235000 -2.76571
236000 -1.04854
237000 -3.1133
238000 -1.16752
239000 -0.678036
240000 0.342526
241000 -0.643736
242000 -1.84977
243000 -0.827713
244000 0.35448
245000 -1.18161
246000 1.29279
247000 -0.348917
248000 -0.217535
249000 1.27371
250000 1.36127
251000 2.04435
252000 1.83269
253000 0.309408
254000 2.08269
255000 0.657887
256000 1.7089
257000 1.9595
258000 3.40035
259000 3.5181
260000 4.52459
261000 4.34382
262000 5.88829
263000 5.42177
264000 5.85683
265000 5.66204
266000 5.42474
267000 5.62521
268000 4.55798
269000 4.96812
270000 3.49644
271000 3.44444
272000 1.96052
273000 2.79367
274000 4.0371
275000 3.62051
276000 4.15058
277000 3.39489
278000 1.48469
279000 3.27483
280000 3.02293
281000 3.56929
282000 2.22236
283000 1.89052
284000 2.76041
285000 2.10518
286000 1.03204
287000 2.70782
288000 3.35167
289000 4.57529
290000 1.0162
291000 1.27176
292000 -0.546634
293000 0.000606756
294000 0.887701
295000 0.392857
296000 -0.888212
297000 1.15272
298000 0.702691
299000 0.898837
300000 0.514628
301000 0.248605
302000 0.746003
303000 0.131206
304000 0.111586
305000 0.641145
306000 1.90253
307000 1.91605
308000 0.123876
309000 -0.0693137
310000 -1.41349
311000 0.378604
312000 1.55681
313000 2.09061
314000 2.88126
315000 1.14974
316000 1.38595
317000 -0.701351
318000 0.580544
319000 0.144766
320000 -0.365135
321000 1.5973
322000 1.97935
323000 -1.98238
324000 -0.607845
325000 0.42747
326000 1.74719
327000 -0.403159
328000 1.19159
329000 0.809338
330000 0.747669
331000 2.15146
332000 0.852843
333000 3.39008
334000 2.48109
335000 0.190402
336000 0.836098
337000 -0.27455
338000 -0.112095
339000 0.944803
340000 0.757668
341000 -0.108286
342000 -0.863842
343000 -0.730286
344000 1.17801
345000 0.667027
346000 0.968953
347000 1.2825
348000 0.206738
349000 0.0658701
350000 -1.1087
351000 0.436608
352000 -1.33088
353000 -1.94206
354000 -1.82319
355000 -2.06414
356000 -2.42352
357000 -2.71534
358000 -2.40835
359000 -3.43339
360000 -1.67326
361000 -4.45891
362000 -3.25338
363000 -3.77891
364000 -3.49996
365000 -4.38203
366000 -3.1267
367000 -5.18831
368000 -1.73353
369000 -2.70643
370000 -5.37959
371000 -4.41085
372000 -3.59403
373000 -3.9608
374000 -3.59406
375000 -3.63605
376000 -2.21315
377000 -1.8162
378000 -2.25695
379000 -1.1424
380000 0.253121
381000 1.18195
382000 0.176455
383000 -0.847852
384000 0.841749
385000 3.02143
386000 0.321809
387000 2.326
388000 -0.507288
389000 1.584
390000 -0.755852
391000 -0.401025
392000 2.74582
393000 2.70447
394000 3.32274
395000 3.66872
396000 2.1721
397000 1.28855
398000 1.41028
399000 0.13053
400000 -0.197761
401000 1.90359
402000 5.53271
403000 4.18601
404000 4.67714
405000 4.60066
406000 4.01277
407000 5.95028
408000 5.61369
409000 3.0726
410000 4.01658
411000 5.26492
412000 6.19289
413000 7.25203
414000 6.68258
415000 6.66544
416000 5.69865
417000 6.56539
418000 3.33906
419000 5.83844
420000 5.97502
421000 5.10767
422000 5.66341
423000 4.94025
424000 5.37956
425000 5.72991
426000 5.70566
427000 6.03641
428000 5.64172
429000 5.63277
430000 5.40593
431000 5.25653
432000 5.08116
433000 5.08641
434000 4.95101
435000 1.54153
436000 5.38077
437000 4.77135
438000 3.85374
439000 3.81332
440000 3.65967
441000 4.07824
442000 4.27818
443000 6.55998
444000 4.92667
445000 3.25379
446000 2.82132
447000 3.84162
448000 5.29002
449000 3.46466
450000 3.73386
451000 2.27389
452000 2.99605
453000 4.96359
454000 2.11343
455000 3.48394
456000 3.35396
457000 2.00714
458000 2.81211
459000 1.9021
460000 4.32049
461000 6.09853
462000 4.99644
463000 3.13382
464000 3.56498
465000 5.18053
466000 2.25286
467000 2.09421
468000 3.71221
469000 3.93422
470000 2.99604
471000 1.23197
472000 1.30577
473000 1.43994
474000 1.8481
475000 0.690565
476000 1.67734
477000 2.43609
478000 -0.588977
479000 -1.04006
480000 -0.705247
481000 -0.947249
482000 -0.109797
483000 1.26021
484000 2.48446
485000 3.5491
486000 2.02692
487000 2.45733
488000 0.782117
489000 3.26118
490000 1.65078
491000 2.31693
492000 1.25438
493000 0.260048
494000 0.0468162
495000 0.366168
496000 2.08379
497000 0.363707
498000 1.79698
499000 2.48538
500000 1.97649
501000 0.839488
502000 -0.149141
503000 0.298821
504000 2.30124
505000 3.81239
506000 3.09825
507000 1.59121
508000 0.45362
509000 -0.191274
510000 0.418669
511000 0.258538
512000 1.20358
513000 4.58242
514000 4.09637
515000 4.0365
516000 6.53901
517000 7.11304
518000 4.41408
519000 4.06593
520000 3.91
521000 5.33816
522000 4.93052
523000 4.7449
524000 4.59364
525000 3.74964
526000 3.69973
527000 4.59426
528000 5.17845
529000 4.3781
530000 3.40699
531000 1.56504
532000 1.51637
533000 2.5523
534000 1.97092
535000 0.383927
536000 1.0929
537000 0.383888
538000 -0.792364
539000 0.153479
540000 0.706207
541000 2.41775
542000 3.06541
543000 1.28438
544000 -0.299635
545000 -0.254391
546000 1.79248
547000 1.29165
548000 1.80103
549000 0.779665
550000 1.66514
551000 2.22114
552000 2.50709
553000 2.53125
554000 2.8368
555000 3.80147
556000 4.97818
557000 2.54122
558000 3.29785
559000 2.51026
560000 1.0734
561000 5.49065
562000 4.45579
563000 4.51191
564000 3.3058
565000 1.88823
566000 5.24271
567000 5.38546
568000 5.25977
569000 2.72816
570000 3.96293
571000 3.3197
572000 4.09775
573000 3.80108
574000 3.74198
575000 3.83428
576000 3.59965
577000 4.36123
578000 3.93556
579000 6.93417
580000 6.86213
581000 6.15335
582000 5.54103
583000 6.51914
584000 7.04312
585000 7.03033
586000 6.4974
587000 5.34705
588000 8.20071
589000 7.4748
590000 8.06916
591000 7.7547
592000 7.99878
593000 6.60597
594000 6.62583
595000 6.69718
596000 7.13423
597000 7.26483
598000 7.6826
599000 7.90895
600000 7.75817
601000 4.71318
602000 5.52427
603000 4.98416
604000 7.04559
605000 5.32051
606000 6.12957
607000 7.78241
608000 9.7461
609000 8.54426
610000 6.69451
611000 6.00245
612000 6.16764
613000 8.1035
614000 7.40495
615000 5.77712
616000 5.90287
617000 5.61078
618000 4.63879
619000 3.71351
620000 4.73192
621000 6.06133
622000 7.82417
623000 6.88688
624000 7.47394
625000 7.09966
626000 6.21595
627000 5.47688
628000 4.12191
629000 3.93705
630000 2.7767
631000 3.36181
632000 4.79057
633000 4.37934
634000 3.88648
635000 4.91285
636000 3.06472
637000 1.44202
638000 2.06116
639000 2.75222
640000 1.96143
641000 2.60361
642000 4.03064
643000 3.1377
644000 2.38005
645000 1.90251
646000 3.77229
647000 3.02082
648000 1.16599
649000 0.691051
650000 2.2873
651000 1.58189
652000 1.33921
653000 1.07118
654000 -0.214565
655000 0.715358
656000 1.62205
657000 0.700625
658000 2.33662
659000 1.81369
660000 2.26607
661000 1.9178
662000 1.78828
663000 2.45545
664000 2.77482
665000 2.22033
666000 2.35197
667000 3.71591
668000 3.4686
669000 2.87601
670000 3.03637
671000 3.09367
672000 1.7482
673000 2.33904
674000 2.13297
675000 0.924342
676000 1.22633
677000 0.727382
678000 1.95912
679000 1.8536
680000 2.21072
681000 3.56598
682000 2.42979
683000 0.262206
684000 -0.41425
685000 -1.43991
686000 -0.244152
687000 -0.439646
688000 -3.91738
689000 -4.05279
690000 -1.00626
691000 -0.701973
692000 0.339274
693000 1.94362
694000 1.45146
695000 1.32438
696000 0.317294
697000 -0.282099
698000 -0.0629562
699000 0.483416
700000 0.576023
701000 -1.05268
702000 -0.278598
703000 0.689646
704000 3.36823
705000 0.192618
706000 2.0397
707000 2.36274
708000 2.27677
709000 1.58919
710000 -0.153664
711000 -1.32132
712000 1.27364
713000 2.78861
714000 2.37903
715000 3.30882
716000 3.15329
717000 1.74747
718000 0.590768
719000 1.46354
720000 2.00503
721000 4.28609
722000 6.84199
723000 5.92451
724000 3.56223
725000 4.70646
726000 5.11829
727000 3.68067
728000 3.19291
729000 4.79607
730000 6.53878
731000 7.54858
732000 8.03712
733000 9.60161
734000 8.58626
735000 8.66907
736000 9.90794
737000 9.31398
738000 5.69887
739000 5.92533
740000 6.45662
741000 6.1746
742000 7.38955
743000 6.74432
744000 4.74087
745000 4.56291
746000 6.50003
747000 3.92863
748000 4.75979
749000 5.08261
750000 3.78366
751000 4.11361
752000 5.26447
753000 7.17653
754000 7.29483
755000 8.19176
756000 7.67198
757000 7.76689
758000 7.91158
759000 6.57762
760000 6.80639
761000 6.17779
762000 6.21984
763000 4.98915
764000 7.26366
765000 5.1533
766000 7.86999
767000 6.16796
768000 5.05649
769000 4.15354
770000 2.81619
771000 2.28817
772000 4.13787
773000 5.38662
774000 6.65922
775000 7.66109
776000 6.51416
777000 6.83823
778000 7.92212
779000 8.47045
780000 7.87712
781000 8.31767
782000 7.75743
783000 7.99031
784000 6.83888
785000 6.08145
786000 6.66286
787000 4.79067
788000 6.00995
789000 7.60074
790000 7.42852
791000 7.70771
792000 7.80565
793000 9.39308
794000 9.13568
795000 9.03632
796000 9.41942
797000 8.20012
798000 9.23407
799000 7.80313
800000 7.68329
801000 8.42357
802000 9.22952
803000 8.69643
804000 7.46025
805000 7.03825
806000 4.96979
807000 3.92188
808000 4.79707
809000 6.0181
810000 7.0122
811000 5.27692
812000 6.66628
813000 6.83804
814000 7.52612
815000 6.71561
816000 6.90743
817000 6.72101
818000 7.26582
819000 5.34363
820000 7.12353
821000 7.0062
822000 7.40159
823000 7.51643
824000 6.95118
825000 5.67189
826000 4.48773
827000 5.65304
828000 4.94679
829000 5.20585
830000 5.61527
831000 5.48422
832000 5.68543
833000 3.9962
834000 4.17795
835000 2.54478
836000 3.06209
837000 4.6088
838000 4.77358
839000 5.63703
840000 5.41189
841000 3.06376
842000 3.29865
843000 3.30245
844000 3.56572
845000 2.77307
846000 4.32127
847000 4.50985
848000 3.37369
849000 5.61346
850000 1.95463
851000 3.50331
852000 2.74172
853000 1.30592
854000 3.51532
855000 3.0845
856000 3.0475
857000 3.05557
858000 2.68378
859000 2.62833
860000 3.88312
861000 3.22571
862000 2.58736
863000 2.87745
864000 3.03919
865000 3.70561
866000 3.26819
867000 2.27239
868000 3.75765
869000 4.90448
870000 3.43698
871000 3.37683
872000 4.64888
873000 2.83394
874000 3.29447
875000 3.51935
876000 4.92423
877000 4.48176
878000 5.89139
879000 6.80888
880000 4.92809
881000 3.53774
882000 3.4719
883000 3.866
884000 4.16604
885000 2.27775
886000 2.96879
887000 5.34336
888000 4.62848
889000 4.55928
890000 3.0017
891000 6.96371
892000 9.03459
893000 8.32592
894000 8.81997
895000 10.1795
896000 8.81789
897000 7.51007
898000 6.04956
899000 5.60378
900000 8.26488
901000 10.7385
902000 8.10751
903000 6.67276
904000 8.08505
905000 9.6492
906000 8.39026
907000 7.67116
908000 9.94699
909000 9.65485
910000 11.1878
911000 12.7706
912000 11.7659
913000 11.769
914000 11.8828
915000 11.395
916000 13.7147
917000 13.8367
918000 12.7756
919000 11.2145
920000 11.0053
921000 11.677
922000 10.3311
923000 11.7723
924000 11.7276
925000 9.38744
926000 9.82446
927000 9.16059
928000 7.6474
929000 7.5227
930000 8.45891
931000 7.73143
932000 7.53784
933000 6.83614
934000 7.38149
935000 7.69419
936000 6.90352
937000 8.04887
938000 7.93619
939000 5.67112
940000 5.19765
941000 7.56231
942000 7.55519
943000 4.81565
944000 6.65263
945000 6.80088
946000 7.97746
947000 8.84809
948000 8.36327
949000 9.36573
950000 11.0529
951000 10.2064
952000 9.38191
953000 10.2511
954000 11.1615
955000 11.7344
956000 9.05454
957000 10.8738
958000 12.3511
959000 13.2083
960000 11.0866
961000 10.8055
962000 11.7837
963000 9.92824
964000 11.7799
965000 11.4532
966000 12.0913
967000 12.92
968000 11.9908
969000 11.5423
970000 10.5015
971000 10.1711
972000 10.2658
973000 10.8416
974000 8.37013
975000 9.49082
976000 9.57064
977000 8.79068
978000 10.4287
979000 10.3874
980000 7.57071
981000 7.15364
982000 7.31181
983000 9.44507
984000 11.6419
985000 10.0916
986000 7.89321
987000 8.60326
988000 7.45708
989000 6.58589
990000 7.47155
991000 9.90985
992000 7.95076
993000 8.52031
994000 9.92828
995000 11.8709
996000 10.0482
997000 8.95635
998000 6.99303
999000 7.8786
1000000 6.74536
1001000 5.45637
1002000 8.99959
1003000 11.3942
1004000 11.7715
1005000 12.4706
1006000 11.6792
1007000 11.5519
1008000 15.0191
1009000 13.1786
1010000 7.02438
1011000 7.70776
1012000 10.2337
1013000 11.4015
1014000 12.6667
1015000 12.3347
1016000 10.765
1017000 10.5552
1018000 11.1888
1019000 11.2427
1020000 11.0761
1021000 10.9332
1022000 11.7008
1023000 12.2739
1024000 10.28
1025000 9.92915
1026000 9.31298
1027000 11.5163
1028000 13.4543
1029000 13.1278
1030000 12.3514
1031000 10.6216
1032000 8.96445
1033000 8.02165
1034000 10.2974
1035000 11.9034
1036000 13.3134
1037000 13.1853
1038000 11.7678
1039000 12.4821
1040000 10.4959
1041000 10.6246
1042000 10.6996
1043000 7.90148
1044000 9.67627
1045000 9.09438
1046000 8.87932
1047000 8.48339
1048000 9.92563
1049000 9.14708
1050000 9.22759
1051000 7.49188
1052000 9.82095
1053000 10.2759
1054000 7.20491
1055000 10.1283
1056000 12.574
1057000 13.534
1058000 10.9509
1059000 11.6987
1060000 10.3551
1061000 8.84489
1062000 8.79588
1063000 6.2693
1064000 5.76813
1065000 9.42202
1066000 9.75188
1067000 12.9013
1068000 11.6566
1069000 9.15044
1070000 7.35602
1071000 9.23292
1072000 8.88137
1073000 7.95049
1074000 10.0117
1075000 10.3883
1076000 9.04873
1077000 9.6224
1078000 9.0528
1079000 9.21804
1080000 9.57806
1081000 10.6695
1082000 8.99466
1083000 9.36885
1084000 10.7122
1085000 9.65702
1086000 9.73963
1087000 7.48853
1088000 9.61142
1089000 7.91393
1090000 6.78006
1091000 7.08033
1092000 6.78276
1093000 5.74294
1094000 7.57985
1095000 5.31167
1096000 4.75181
1097000 5.96967
1098000 5.24306
1099000 4.73752
1100000 4.10718
1101000 1.89139
1102000 2.07527
1103000 1.31799
1104000 2.90969
1105000 3.48808
1106000 4.88724
1107000 4.8634
1108000 1.1299
1109000 0.112725
1110000 0.883101
1111000 2.4038
1112000 4.05614
1113000 5.06543
1114000 4.19451
1115000 5.23416
1116000 3.5931
1117000 5.08774
1118000 3.10897
1119000 2.46016
1120000 0.884773
1121000 0.600608
1122000 2.39781
1123000 4.48818
1124000 3.54001
1125000 2.12548
1126000 3.76012
1127000 4.15265
1128000 3.95634
1129000 4.02615
1130000 5.74414
1131000 5.8285
1132000 6.15233
1133000 6.39382
1134000 6.34609
1135000 7.30858
1136000 4.70744
1137000 5.01987
1138000 6.41651
1139000 4.49223
1140000 2.97284
1141000 6.89787
1142000 3.7995
1143000 5.64848
1144000 8.81425
1145000 8.73992
1146000 7.8549
1147000 7.43347
1148000 5.34316
1149000 5.75593
1150000 8.92519
1151000 9.54968
1152000 10.3377
1153000 9.01174
1154000 7.91865
1155000 6.81428
1156000 6.59988
1157000 5.97647
1158000 5.91966
1159000 7.15363
1160000 7.95527
1161000 5.32227
1162000 6.23164
1163000 7.82715
1164000 9.35125
1165000 7.00048
1166000 7.18247
1167000 9.21168
1168000 9.87004
1169000 9.31242
1170000 9.34998
1171000 8.61441
1172000 7.87352
1173000 5.6558
1174000 6.1907
1175000 5.66714
1176000 6.97363
1177000 8.85844
1178000 8.25082
1179000 5.68984
1180000 5.41785
1181000 8.37336
1182000 10.9416
1183000 10.4468
1184000 6.99638
1185000 5.56539
1186000 6.69126
1187000 8.34326
1188000 6.02888
1189000 5.16929
1190000 5.31918
1191000 4.49576
1192000 4.45918
1193000 5.00945
1194000 6.45237
1195000 6.81746
1196000 7.2363
1197000 7.37435
1198000 7.00353
1199000 6.32758
1200000 3.9341
1201000 5.24317
1202000 5.13431
1203000 6.69969
1204000 6.31288
1205000 6.27247
