# Time-averaged data for fix f_shear
# TimeStep v_shear_stress
206000 1.97034
207000 1.37391
208000 2.25865
209000 -0.816841
210000 -3.87352
211000 -1.83476
212000 -0.354438
213000 -0.384617
214000 0.388414
215000 1.64672
216000 2.56516
217000 1.82046
218000 2.02617
219000 -0.505076
220000 1.02293
221000 -0.325943
222000 -0.685038
223000 -0.291817
224000 -0.805309
225000 0.373772
226000 0.052107
227000 0.545014
228000 -1.55793
229000 0.268177
230000 1.56493
231000 1.20162
232000 0.429308
233000 3.12659
234000 0.918585
235000 3.41928
236000 4.28449
237000 2.62874
238000 -0.899595
239000 -1.75099
240000 2.24506
241000 0.737566
242000 0.867622
243000 -1.23475
244000 -0.422636
245000 2.28423
246000 3.25983
247000 4.04877
248000 1.01436
249000 1.30029
250000 1.81372
251000 4.13005
252000 4.33282
253000 4.87883
254000 3.25639
255000 3.81832
256000 2.96601
257000 4.36484
258000 3.49789
259000 1.27022
260000 2.90796
261000 1.89855
262000 3.02535
263000 1.98469
264000 2.22191
265000 3.84137
266000 1.02952
267000 0.341131
268000 3.89767
269000 0.224678
270000 -3.09643
271000 -1.29372
272000 -2.22649
273000 -2.64191
274000 -5.32784
275000 -5.2017
276000 -2.72671
277000 -0.197341
278000 -1.01386
279000 0.769289
280000 2.54397
281000 -0.00298446
282000 2.73832
283000 0.782592
284000 2.45894
285000 1.62048
286000 1.63152
287000 1.58059
288000 1.82159
289000 0.54686
290000 -0.755924
291000 -0.592761
292000 -0.309927
293000 1.40956
294000 0.391839
295000 2.30716
296000 2.92097
297000 0.469083
298000 -0.256966
299000 1.20896
300000 0.552249
301000 3.56243
302000 2.89933
303000 5.28163
304000 4.01347
305000 4.98896
306000 3.55385
307000 1.86971
308000 1.88825
309000 -1.85695
310000 -2.88946
311000 -4.18881
312000 -5.40297
313000 -4.01842
314000 -7.01492
315000 -5.86763
316000 -4.17943
317000 -6.38064
318000 -6.22046
319000 -7.70002
320000 -6.20842
321000 -5.28112
322000 -5.41051
323000 -7.85192
324000 -7.94746
325000 -9.94596
326000 -10.4551
327000 -10.9199
328000 -10.3142
329000 -13.4664
330000 -10.6457
331000 -12.2916
332000 -11.4424
333000 -11.2529
334000 -8.4142
335000 -8.67591
336000 -8.7516
337000 -8.88435
338000 -10.3875
339000 -9.53928
340000 -8.04315
341000 -5.23382
342000 -4.27621
343000 0.136042
344000 0.800814
345000 1.87677
346000 1.89674
347000 2.07463
348000 -0.132698
349000 0.46887
350000 -0.552681
351000 3.79517
352000 1.66762
353000 4.21262
354000 1.97335
355000 0.670463
356000 -0.156698
357000 -0.550729
358000 0.0289051
359000 3.00662
360000 1.52356
361000 5.09817
362000 6.24469
363000 5.70425
364000 7.24316
365000 7.55415
366000 10.826
367000 9.59043
368000 10.7823
369000 8.88873
370000 7.71655
371000 10.553
372000 12.5617
373000 10.7923
374000 11.167
375000 12.1145
376000 9.68193
377000 11.3035
378000 10.6372
379000 9.68833
380000 10.2412
381000 11.4838
382000 9.41842
383000 6.54736
384000 1.51527
385000 2.9846
386000 5.58101
387000 2.69187
388000 0.785834
389000 0.721099
390000 2.21117
391000 0.38196
392000 -0.466738
393000 -0.276698
394000 -1.1313
395000 -0.942109
396000 -1.01318
397000 -0.473703
398000 -1.02051
399000 -1.42802
400000 -1.98115
401000 -6.30285
402000 -7.42893
403000 -7.87596
404000 -7.4702
405000 -7.13726
406000 -4.01682
407000 -6.01077
408000 -3.96328
409000 -8.34142
410000 -7.11339
411000 -6.40574
412000 -6.36289
413000 -8.73424
414000 -6.83948
415000 -6.72334
416000 -4.90104
417000 -5.22106
418000 -4.22258
419000 -5.94144
420000 -6.33318
421000 -4.63594
422000 -4.64227
423000 -3.75377
424000 -2.65912
425000 -4.0988
426000 -5.87417
427000 -7.4036
428000 -7.94334
429000 -7.93922
430000 -6.9007
431000 -4.61267
432000 -4.87866
433000 -3.43771
434000 -3.11263
435000 -2.82222
436000 -5.90579
437000 -6.40802
438000 -7.14225
439000 -6.75283
440000 -4.48277
441000 0.390128
442000 -3.94605
443000 -3.52621
444000 -4.46747
445000 -2.21145
446000 0.556657
447000 2.79407
448000 3.88824
449000 0.181287
450000 -0.905116
451000 -0.62313
452000 -1.26105
453000 1.48768
454000 1.22889
455000 3.3857
456000 5.00851
457000 4.39268
458000 7.41984
459000 6.68593
460000 3.87397
461000 1.95093
462000 -0.311743
463000 0.696923
464000 1.6103
465000 4.74819
466000 1.25012
467000 1.83637
468000 1.29813
469000 -1.15287
470000 -1.85039
471000 -2.69205
472000 -0.923075
473000 0.982492
474000 -3.5634
475000 -5.63913
476000 -3.21766
477000 -3.66448
478000 -0.757075
479000 -0.579657
480000 -1.95694
481000 -1.87441
482000 1.15425
483000 2.28299
484000 2.91977
485000 0.739106
486000 1.68962
487000 3.5323
488000 1.26171
489000 0.0845283
490000 1.22048
491000 2.0725
492000 2.15136
493000 -2.53146
494000 -2.10906
495000 -2.22943
496000 -1.54314
497000 0.469974
498000 0.943362
499000 -3.17738
500000 -3.6383
501000 -1.32171
502000 -0.0371011
503000 0.216089
504000 -3.5112
505000 -5.40338
506000 -7.49634
507000 -6.88477
508000 -5.7612
509000 -4.29475
510000 -5.24894
511000 -5.72161
512000 -8.27216
513000 -8.73058
514000 -3.87816
515000 -7.02632
516000 -7.75542
517000 -6.27269
518000 -5.38288
519000 -7.47691
520000 -7.35278
521000 -8.55327
522000 -10.3977
523000 -9.04411
524000 -8.4262
525000 -10.3463
526000 -8.51846
527000 -10.4833
528000 -11.8937
529000 -13.9475
530000 -11.969
531000 -10.4716
532000 -9.78038
533000 -13.1329
534000 -13.5337
535000 -14.2842
536000 -9.58552
537000 -7.88879
538000 -10.5473
539000 -12.044
540000 -10.4626
541000 -10.5696
542000 -13.5254
543000 -15.5518
544000 -14.2735
545000 -11.5958
546000 -13.5733
547000 -9.99949
548000 -9.75096
549000 -11.2416
550000 -12.531
551000 -6.07946
552000 -10.0941
553000 -10.4034
554000 -10.4222
555000 -9.76
556000 -8.51447
557000 -9.93181
558000 -12.6179
559000 -12.0888
560000 -9.88229
561000 -8.26472
562000 -8.1812
563000 -5.95345
564000 -1.22022
565000 -1.78787
566000 0.54685
567000 0.254364
568000 -1.28488
569000 -4.83056
570000 -3.49343
571000 -1.61441
572000 -1.1758
573000 -1.5622
574000 -0.0523464
575000 0.0104661
576000 -0.0764309
577000 -1.20545
578000 0.897174
579000 3.80636
580000 0.399366
581000 -2.02942
582000 -3.99573
583000 -0.890085
584000 -4.30783
585000 -7.9506
586000 -3.14562
587000 -1.79179
588000 -6.30677
589000 -6.93011
590000 -8.28031
591000 -9.21887
592000 -10.3497
593000 -9.57241
594000 -9.29661
595000 -6.79726
596000 -6.61147
597000 -5.58193
598000 -7.29768
599000 -1.14839
600000 -0.514672
601000 -2.3814
602000 -3.12433
603000 -3.39024
604000 -6.48919
605000 -6.36951
606000 -7.67709
607000 -5.75047
608000 -6.23067
609000 -4.84928
610000 -5.64849
611000 -5.72053
612000 -5.07164
613000 -2.24358
614000 -2.65642
615000 -4.64399
616000 -2.15933
617000 -1.09792
618000 -2.10402
619000 -2.10973
620000 -2.36324
621000 -0.979196
622000 1.25148
623000 2.92658
624000 0.141382
625000 -2.64433
626000 1.47971
627000 -1.18294
628000 1.58569
629000 2.98668
630000 1.15555
631000 -2.48493
632000 -1.36385
633000 1.98589
634000 3.02954
635000 5.28939
636000 5.09286
637000 5.69718
638000 6.72222
639000 7.02224
640000 4.27898
641000 5.69075
642000 6.24381
643000 5.26684
644000 0.709846
645000 2.6575
646000 0.477388
647000 2.98075
648000 7.69799
649000 9.27603
650000 7.43098
651000 6.51589
652000 4.9705
653000 7.85941
654000 9.30218
655000 8.10088
656000 7.62241
657000 9.34184
658000 10.5505
659000 10.7218
660000 9.92965
661000 2.96528
662000 0.373505
663000 1.17244
664000 1.14509
665000 -1.0518
666000 -3.32052
667000 -2.90211
668000 -4.01916
669000 -6.77651
670000 -7.04367
671000 -5.71924
672000 -6.89926
673000 -2.22048
674000 -2.3822
675000 -3.87465
676000 -4.91659
677000 -8.0459
678000 -5.44101
679000 -8.33737
680000 -4.00173
681000 -3.82963
682000 -5.6503
683000 -3.33162
684000 -2.60103
685000 -6.09859
686000 -5.23285
687000 -3.13114
688000 -2.98199
689000 -0.923511
690000 -5.54638
691000 -5.84918
692000 -6.73686
693000 -7.48952
694000 -9.06277
695000 -6.30873
696000 -6.17512
697000 -7.22349
698000 -9.39429
699000 -8.56605
700000 -6.31722
701000 -4.28797
702000 -1.77144
703000 -2.16203
704000 -2.09958
705000 0.677797
706000 1.20607
707000 3.04857
708000 2.09011
709000 5.08027
710000 7.84293
711000 7.81606
712000 2.91714
713000 -1.59616
714000 -0.149929
715000 -1.40059
716000 -0.949727
717000 -3.02269
718000 -3.43567
719000 -0.462752
720000 5.27078
721000 7.90643
722000 3.80156
723000 2.38178
724000 -1.04341
725000 -1.08469
726000 -1.8058
727000 -0.292673
728000 3.06284
729000 1.52381
730000 -1.23141
731000 -5.56454
732000 -6.01819
733000 -6.49157
734000 -4.95447
735000 -4.22348
736000 -5.54575
737000 -5.81129
738000 -3.85778
739000 -4.64133
740000 -3.96988
741000 -3.94004
742000 -9.15388
743000 -7.96161
744000 -7.08049
745000 -8.98582
746000 -7.38539
747000 -8.86854
748000 -9.72653
749000 -15.7346
750000 -12.3881
751000 -10.8904
752000 -10.848
753000 -12.6233
754000 -12.8386
755000 -16.8429
756000 -15.5069
757000 -13.0666
758000 -13.1993
759000 -13.6868
760000 -13.3128
761000 -14.6696
762000 -16.7503
763000 -15.7901
764000 -12.7046
765000 -12.5864
766000 -15.5305
767000 -12.4974
768000 -11.6077
769000 -13.3311
770000 -8.70948
771000 -7.17453
772000 -5.87191
773000 -5.86668
774000 -2.66619
775000 -4.03764
776000 -5.28425
777000 -4.63413
778000 -0.838212
779000 -1.54857
780000 -0.924987
781000 3.41101
782000 3.96189
783000 2.16091
784000 2.59574
785000 0.350858
786000 0.661887
787000 2.71997
788000 5.49945
789000 5.48366
790000 1.99072
791000 5.02621
792000 8.06288
793000 5.72408
794000 4.56809
795000 8.2754
796000 4.54454
797000 5.74278
798000 7.0051
799000 8.75854
800000 9.36768
801000 10.4442
802000 11.1379
803000 9.62948
804000 5.01352
805000 5.52893
806000 6.84113
807000 12.9952
808000 12.604
809000 13.0349
810000 9.48755
811000 7.01846
812000 7.39348
813000 6.86194
814000 2.76845
815000 8.56991
816000 15.7859
817000 14.4288
818000 10.9271
819000 12.9417
820000 12.0166
821000 11.5446
822000 10.989
823000 8.59181
824000 9.8788
825000 10.9849
826000 8.3273
827000 6.66951
828000 8.22385
829000 9.82449
830000 8.7397
831000 7.93325
832000 7.27732
833000 8.7636
834000 7.46264
835000 5.68389
836000 4.81144
837000 6.22322
838000 8.27536
839000 9.31967
840000 6.59011
841000 6.02339
842000 8.97417
843000 3.75182
844000 0.952178
845000 1.97284
846000 -1.55245
847000 0.185466
848000 3.36401
849000 2.51153
850000 -1.64839
851000 -1.6204
852000 -2.40642
853000 2.46202
854000 2.56996
855000 1.93153
856000 1.94918
857000 -0.98889
858000 2.55711
859000 4.2265
860000 6.19759
861000 3.87292
862000 4.41098
863000 7.71314
864000 6.03803
865000 5.95085
866000 3.91592
867000 1.285
868000 0.952933
869000 2.95535
870000 4.58459
871000 6.83475
872000 5.00155
873000 5.06537
874000 6.59804
875000 7.62838
876000 7.1783
877000 5.94063
878000 3.91892
879000 3.34464
880000 -0.183002
881000 -2.55061
882000 1.1599
883000 0.0725755
884000 -3.33051
885000 0.683864
886000 -0.111814
887000 1.2
888000 -1.04307
889000 -5.6442
890000 -2.01895
891000 0.316038
892000 0.783624
893000 2.12062
894000 3.21506
895000 6.85226
896000 7.53305
897000 8.94016
898000 5.83773
899000 7.35882
900000 10.4703
901000 8.02683
902000 3.14495
903000 2.1888
904000 6.37306
905000 5.24316
906000 4.85203
907000 7.06174
908000 2.87848
909000 2.38969
910000 3.28339
911000 4.62228
912000 3.91113
913000 0.527678
914000 0.183465
915000 5.5047
916000 10.4928
917000 9.68387
918000 8.44411
919000 11.814
920000 12.6165
921000 8.75317
922000 3.24455
923000 -1.19175
924000 0.303825
925000 -0.112376
926000 3.30247
927000 7.05065
928000 4.63119
929000 3.20334
930000 3.10431
931000 2.25984
932000 1.05304
933000 -1.28368
934000 0.266036
935000 4.24057
936000 2.61648
937000 2.30849
938000 0.364133
939000 -1.17507
940000 1.42942
941000 -0.52007
942000 -2.44177
943000 -3.0555
944000 -0.935663
945000 -1.21269
946000 3.41203
947000 4.00542
948000 1.53985
949000 1.41648
950000 2.54388
951000 2.05387
952000 -1.7365
953000 -0.194879
954000 -0.26625
955000 -2.94009
956000 -5.902
957000 -8.77036
958000 -7.31477
959000 -3.77254
960000 -8.89069
961000 -11.3271
962000 -5.82997
963000 -5.33486
964000 -5.66491
965000 -1.14646
966000 -3.734
967000 -7.00646
968000 -8.15304
969000 -5.75673
970000 -3.76404
971000 -0.831869
972000 0.398308
973000 2.35495
974000 -2.27208
975000 1.18142
976000 2.54919
977000 3.91615
978000 6.6389
979000 6.05
980000 8.37384
981000 9.73653
982000 8.58082
983000 9.31497
984000 10.0438
985000 12.1065
986000 13.1066
987000 10.7491
988000 9.83034
989000 7.35047
990000 6.5263
991000 7.94503
992000 1.26938
993000 -0.266239
994000 2.57411
995000 4.75872
996000 5.34843
997000 5.60864
998000 8.62616
999000 7.32472
1000000 4.75153
1001000 0.53931
1002000 3.44019
1003000 3.52089
1004000 8.55085
1005000 10.4875
1006000 12.7425
1007000 13.1808
1008000 11.6022
1009000 12.6307
1010000 11.3751
1011000 13.6956
1012000 16.3503
1013000 13.1701
1014000 9.81234
1015000 13.2956
1016000 8.24951
1017000 1.76067
1018000 5.38894
1019000 5.84115
1020000 10.248
1021000 2.99676
1022000 0.880826
1023000 0.510437
1024000 1.44465
1025000 -2.30879
1026000 -4.28974
1027000 -2.55292
1028000 -2.44409
1029000 -1.02958
1030000 0.850961
1031000 5.59152
1032000 5.81667
1033000 9.49436
1034000 10.2459
1035000 10.5254
1036000 11.1468
1037000 11.3539
1038000 7.58481
1039000 5.67988
1040000 9.18448
1041000 10.4698
1042000 16.0086
1043000 11.0083
1044000 7.54772
1045000 5.90559
1046000 8.53716
1047000 9.4322
1048000 4.11213
1049000 0.0787427
1050000 1.47382
1051000 0.631967
1052000 -2.3672
1053000 -3.25374
1054000 -2.18344
1055000 -0.877384
1056000 -4.46906
1057000 -7.68645
1058000 -5.87615
1059000 -4.72853
1060000 -2.55539
1061000 -0.523106
1062000 -3.80823
1063000 -8.33211
1064000 -6.17955
1065000 -6.14085
1066000 -4.18293
1067000 -1.68919
1068000 -3.48404
1069000 -4.7641
1070000 -4.49309
1071000 -3.31644
1072000 -2.6338
1073000 -4.03095
1074000 -4.85978
1075000 -2.81691
1076000 -5.19251
1077000 -2.53191
1078000 -0.462138
1079000 0.204783
1080000 2.02137
1081000 4.93625
1082000 3.14472
1083000 0.118919
1084000 -2.67402
1085000 -2.94731
1086000 -4.28209
1087000 -5.24303
1088000 -5.47437
1089000 -2.98245
1090000 -1.16381
1091000 -0.16078
1092000 -1.02989
1093000 -4.05074
1094000 -2.50363
1095000 0.500921
1096000 -0.924777
1097000 -3.59431
1098000 -5.77892
1099000 -7.54535
1100000 -4.1728
1101000 -2.65695
1102000 0.383413
1103000 2.11618
1104000 -1.45297
1105000 2.24516
1106000 2.31574
1107000 2.24547
1108000 1.33153
1109000 3.07431
1110000 5.74075
1111000 6.86112
1112000 6.37416
1113000 6.63741
1114000 7.63525
1115000 8.41897
1116000 11.0965
1117000 6.88331
1118000 -0.497051
1119000 -3.05975
1120000 1.59553
1121000 2.45581
1122000 5.62959
1123000 3.39421
1124000 2.28149
1125000 -2.63832
1126000 -2.71811
1127000 2.76905
1128000 0.996321
1129000 1.99545
1130000 -0.11807
1131000 0.216774
1132000 -2.21636
1133000 -2.82932
1134000 2.19563
1135000 -0.826448
1136000 -4.69058
1137000 -6.21883
1138000 -9.16945
1139000 -6.67482
1140000 -6.8932
1141000 -7.50819
1142000 -4.7996
1143000 -2.49998
1144000 -0.444182
1145000 -2.06805
1146000 -7.89786
1147000 -6.60621
1148000 -4.78901
1149000 -2.13789
1150000 0.475013
1151000 -0.753137
1152000 1.5225
1153000 2.1345
1154000 0.61218
1155000 0.35396
1156000 -0.53242
1157000 -1.552
1158000 -2.74303
1159000 -4.65721
1160000 -7.2404
1161000 -9.87756
1162000 -4.19114
1163000 -4.61762
1164000 -6.89668
1165000 -6.03482
1166000 -3.21253
1167000 -3.79845
1168000 -6.0199
1169000 -6.20584
1170000 -0.864083
1171000 -5.20759
1172000 -3.24483
1173000 -1.25581
1174000 -0.821645
1175000 -3.32141
1176000 0.0887749
1177000 -2.06175
1178000 -1.0404
1179000 1.89565
1180000 2.13721
1181000 0.552798
1182000 1.73515
1183000 3.64795
1184000 6.2722
1185000 6.64353
1186000 6.8975
1187000 6.79849
1188000 9.62389
1189000 4.02615
1190000 1.66215
1191000 8.94381
1192000 6.80245
1193000 4.60724
1194000 5.20236
1195000 6.64959
1196000 6.16976
1197000 6.33423
1198000 9.73282
1199000 6.50776
1200000 1.29177
1201000 0.876684
1202000 4.06831
1203000 0.550479
1204000 2.88525
1205000 7.42985
