# Time-averaged data for fix f_shear
# TimeStep v_shear_stress
206000 1.33211
207000 3.56553
208000 5.75153
209000 3.60771
210000 0.802345
211000 0.0467982
212000 1.25715
213000 -0.534567
214000 0.695417
215000 -1.38253
216000 -0.485389
217000 1.27715
218000 0.707488
219000 -0.0723203
220000 1.17958
221000 1.68749
222000 1.38929
223000 2.31287
224000 2.98312
225000 1.65021
226000 0.553955
227000 1.08524
228000 3.39426
229000 2.33087
230000 3.36495
231000 2.84008
232000 4.3777
233000 3.56533
234000 4.55908
235000 3.30601
236000 3.94478
237000 3.15608
238000 2.00767
239000 1.95798
240000 3.60195
241000 4.91692
242000 2.10703
243000 4.45258
244000 2.17574
245000 1.81242
246000 4.53408
247000 4.08697
248000 3.40442
249000 2.32984
250000 3.46749
251000 0.545836
252000 0.579656
253000 -0.110516
254000 1.60605
255000 0.381057
256000 0.606425
257000 1.37355
258000 1.66351
259000 2.55675
260000 1.58554
261000 1.30588
262000 -0.570019
263000 -1.54723
264000 -1.84924
265000 -1.42394
266000 -2.04727
267000 -0.337304
268000 0.284694
269000 -1.35447
270000 0.0487138
271000 0.197836
272000 0.514698
273000 1.53435
274000 -1.02898
275000 -0.208781
276000 -2.53023
277000 -1.5245
278000 -0.874334
279000 -3.69168
280000 -3.62253
281000 -1.87284
282000 0.161717
283000 1.83251
284000 0.730192
285000 -1.84554
286000 -1.27472
287000 -0.789977
288000 -1.64232
289000 -2.62626
290000 -3.36931
291000 -1.86063
292000 -0.10173
293000 -1.06673
294000 0.115699
295000 -0.229565
296000 -1.74323
297000 -1.36515
298000 -2.12953
299000 -1.72485
300000 -2.72081
301000 -2.01399
302000 -0.885853
303000 -1.75437
304000 -2.59629
305000 -2.70974
306000 -2.42459
307000 -1.91137
308000 -2.66352
309000 -3.60299
310000 -2.64879
311000 -2.92679
312000 -2.76175
313000 0.17047
314000 0.0623975
315000 0.951546
316000 1.08442
317000 -0.194339
318000 -1.02334
319000 -1.02483
320000 1.2924
321000 -0.935845
322000 0.761908
323000 -0.550206
324000 1.15877
325000 -0.895049
326000 0.506306
327000 2.58354
328000 1.5004
329000 0.201485
330000 0.675539
331000 -1.51098
332000 -0.35021
333000 -0.894126
334000 -0.260737
335000 1.55034
336000 1.09906
337000 -1.3121
338000 -2.49973
339000 -0.845901
340000 -0.801048
341000 0.122116
342000 -2.56032
343000 -1.26838
344000 -1.19485
345000 -1.73211
346000 -1.00904
347000 -0.982614
348000 -1.31685
349000 -2.17619
350000 -3.65863
351000 -3.13331
352000 -3.12266
353000 -1.6331
354000 -1.35513
355000 -0.840516
356000 -0.269724
357000 -0.0859094
358000 -0.676207
359000 -0.382014
360000 1.37224
361000 2.05272
362000 1.06419
363000 0.348975
364000 -1.08119
365000 -0.404398
366000 0.509252
367000 0.234674
368000 0.921399
369000 0.864403
370000 -1.41429
371000 -1.3165
372000 -0.294546
373000 -1.51621
374000 -1.5437
375000 -2.3283
376000 -0.410492
377000 0.274377
378000 0.897948
379000 0.117805
380000 1.73477
381000 1.45796
382000 2.18582
383000 1.25906
384000 2.43575
385000 0.833007
386000 0.304541
387000 0.476859
388000 -1.37386
389000 -1.22813
390000 -2.0433
391000 -0.174645
392000 1.14632
393000 1.2047
394000 1.21601
395000 2.49025
396000 4.34732
397000 3.50364
398000 1.97379
399000 3.63724
400000 4.08801
401000 5.15641
402000 4.40231
403000 5.14994
404000 6.64955
405000 6.58068
406000 5.7175
407000 5.7545
408000 5.48553
409000 3.50837
410000 3.76673
411000 4.3453
412000 3.28299
413000 4.49376
414000 5.39675
415000 4.597
416000 1.60218
417000 1.3875
418000 2.44095
419000 3.15638
420000 4.7072
421000 5.49393
422000 3.48295
423000 2.55826
424000 0.320222
425000 3.03267
426000 1.6904
427000 3.12716
428000 3.36666
429000 1.68573
430000 3.58338
431000 2.28779
432000 5.47958
433000 3.85877
434000 4.32995
435000 3.9458
436000 3.94257
437000 3.88958
438000 2.20812
439000 2.7362
440000 4.40085
441000 3.82808
442000 4.90422
443000 4.31095
444000 3.60983
445000 2.82374
446000 4.9199
447000 3.39041
448000 3.2936
449000 2.78052
450000 4.7638
451000 4.72564
452000 5.97053
453000 4.78156
454000 6.10623
455000 5.49528
456000 5.08336
457000 4.16934
458000 3.53907
459000 2.51984
460000 2.96403
461000 2.91342
462000 2.17013
463000 2.83059
464000 2.40953
465000 2.34828
466000 0.928161
467000 0.28455
468000 0.260094
469000 -1.07989
470000 0.546584
471000 -0.543507
472000 0.8533
473000 1.5763
474000 2.29755
475000 0.902869
476000 1.51512
477000 2.09765
478000 2.05482
479000 2.95742
480000 2.74912
481000 1.32182
482000 0.852558
483000 0.588621
484000 -1.11809
485000 -0.264356
486000 -0.485712
487000 -0.443822
488000 0.679026
489000 0.772068
490000 1.18327
491000 0.0941233
492000 -0.308718
493000 -1.14792
494000 -0.790423
495000 -1.40817
496000 -1.71076
497000 -2.0542
498000 -2.26396
499000 -3.80148
500000 -4.18371
501000 -4.04536
502000 -4.90853
503000 -5.36727
504000 -1.69402
505000 -3.32175
506000 -3.50051
507000 -3.42127
508000 -2.9239
509000 -2.71258
510000 -0.597412
511000 -1.45882
512000 -1.04568
513000 0.706217
514000 -0.765044
515000 -1.15358
516000 -1.21951
517000 -1.24191
518000 0.108098
519000 -1.16739
520000 -0.0186535
521000 -0.0745074
522000 -0.465653
523000 -0.780605
524000 0.0944822
525000 0.572186
526000 2.18806
527000 0.0471045
528000 -0.0226698
529000 1.03533
530000 -1.93925
531000 -3.407
532000 -2.72349
533000 -0.204352
534000 0.791219
535000 0.452864
536000 1.29617
537000 -1.9472
538000 -1.46268
539000 -2.29115
540000 -1.85838
541000 -2.25403
542000 -2.28574
543000 -3.09361
544000 -2.98051
545000 -2.337
546000 -2.89279
547000 -3.01472
548000 -1.335
549000 -3.22874
550000 -5.23856
551000 -6.06714
552000 -6.6961
553000 -4.95356
554000 -4.67122
555000 -3.92597
556000 -4.21978
557000 -3.38302
558000 -2.38474
559000 -1.37546
560000 -0.944337
561000 -1.81108
562000 -2.79964
563000 -1.67171
564000 -4.86412
565000 -4.99692
566000 -5.07277
567000 -5.42652
568000 -4.22972
569000 -1.82105
570000 -1.43954
571000 -1.01491
572000 -0.410958
573000 -2.5012
574000 -2.32861
575000 -3.58131
576000 -3.47205
577000 -3.34031
578000 -3.60666
579000 -4.41263
580000 -3.84925
581000 -3.34335
582000 -0.816785
583000 -3.34998
584000 -3.28194
585000 -2.79344
586000 -3.04369
587000 -4.29782
588000 -4.44137
589000 -4.83108
590000 -4.60817
591000 -3.32532
592000 -2.22607
593000 -0.79808
594000 -2.50075
595000 -2.02597
596000 0.292765
597000 -1.32935
598000 -2.41383
599000 -0.514575
600000 0.61101
601000 -0.911319
602000 -1.52801
603000 -2.03722
604000 -1.98478
605000 -0.764671
606000 0.248678
607000 -0.196143
608000 -0.980797
609000 -0.872675
610000 -1.6103
611000 -3.09051
612000 -4.35663
613000 -3.84933
614000 -2.25238
615000 -4.07937
616000 -3.90991
617000 -3.6163
618000 -2.72518
619000 -2.06945
620000 -2.26401
621000 -4.60984
622000 -2.93216
623000 -1.21989
624000 -0.70497
625000 -0.377606
626000 0.445223
627000 0.493155
628000 0.7921
629000 1.30952
630000 0.332944
631000 3.15756
632000 2.6713
633000 2.60372
634000 1.42075
635000 2.30793
636000 0.99899
637000 2.15805
638000 1.89148
639000 2.18152
640000 2.13852
641000 2.86853
642000 3.01644
643000 2.4402
644000 1.67877
645000 1.61144
646000 1.1038
647000 1.38372
648000 1.18619
649000 1.44653
650000 0.374004
651000 0.376996
652000 1.00891
653000 -0.850942
654000 0.843154
655000 0.58302
656000 0.646301
657000 2.39337
658000 0.655862
659000 -0.144305
660000 -0.0983921
661000 0.300622
662000 0.123091
663000 -0.106304
664000 0.202723
665000 0.644007
666000 2.40631
667000 2.66089
668000 1.75495
669000 0.84008
670000 0.182957
671000 -0.506831
672000 1.04621
673000 2.96481
674000 3.42011
675000 2.27011
676000 3.70912
677000 4.9442
678000 4.56595
679000 5.86839
680000 6.4113
681000 3.60875
682000 3.38967
683000 3.06443
684000 2.68554
685000 4.37751
686000 5.98581
687000 6.4263
688000 6.08411
689000 6.17805
690000 4.35725
691000 4.3247
692000 3.68861
693000 2.2258
694000 2.86996
695000 2.92666
696000 2.99551
697000 2.71548
698000 2.37379
699000 2.74909
700000 4.51264
701000 4.58502
702000 4.42853
703000 4.99997
704000 3.81228
705000 5.5703
706000 5.37921
707000 6.59574
708000 4.77937
709000 4.17897
710000 2.95902
711000 3.22634
712000 3.35917
713000 3.56886
714000 3.03967
715000 2.41298
716000 2.56911
717000 1.06398
718000 -1.21214
719000 -0.719004
720000 0.962237
721000 0.509901
722000 -0.910404
723000 -1.5084
724000 1.28335
725000 2.40719
726000 2.91274
727000 4.10663
728000 3.21647
729000 2.5971
730000 0.874617
731000 0.310746
732000 -1.62436
733000 -1.75155
734000 -1.17074
735000 -2.22518
736000 -0.787276
737000 -2.56266
738000 -0.856604
739000 -1.6513
740000 -1.7548
741000 -2.32295
742000 -0.981038
743000 -1.1513
744000 -2.51941
745000 -1.30013
746000 -0.167438
747000 -1.73894
748000 -1.88629
749000 -1.5772
750000 -3.10624
751000 -2.34233
752000 0.18987
753000 0.196333
754000 1.42448
755000 0.574691
756000 0.922581
757000 0.66906
758000 -0.661643
759000 -0.495484
760000 -0.357676
761000 -1.34857
762000 -1.10678
763000 -0.572398
764000 -1.00966
765000 0.510134
766000 -1.10551
767000 -1.17239
768000 -1.15464
769000 -2.71246
770000 -2.37978
771000 -2.96788
772000 -1.90049
773000 -1.96114
774000 -2.25523
775000 -1.49827
776000 -0.885165
777000 -1.72613
778000 -1.38341
779000 -1.70499
780000 -2.13066
781000 -1.30025
782000 -3.05762
783000 -2.18786
784000 -0.21143
785000 -1.4367
786000 -1.16225
787000 -2.17449
788000 -2.70437
789000 -3.15755
790000 -1.34284
791000 -0.42292
792000 -1.64088
793000 -2.38225
794000 -1.36376
795000 -0.781397
796000 -2.28274
797000 -1.11091
798000 -2.04063
799000 -1.33424
800000 -2.45607
801000 -1.22132
802000 -1.66399
803000 -0.874143
804000 -1.90421
805000 -0.811422
806000 -0.968186
807000 -0.746908
808000 -0.57452
809000 -0.261166
810000 -0.159899
811000 -0.635338
812000 0.224408
813000 -0.605531
814000 -1.25627
815000 -2.17746
816000 -2.0204
817000 -1.52598
818000 -1.41067
819000 -2.24032
820000 -1.91164
821000 -3.4561
822000 -3.63671
823000 -3.49644
824000 -2.83472
825000 -0.180366
826000 -1.54899
827000 -1.79431
828000 -0.332957
829000 -0.983402
830000 -1.01322
831000 -3.42572
832000 -2.43857
833000 -1.1367
834000 -0.857994
835000 -1.3941
836000 -3.00771
837000 -2.27549
838000 -4.23989
839000 -2.45662
840000 -3.71831
841000 -5.30231
842000 -3.95236
843000 -2.74379
844000 -4.54359
845000 -5.03516
846000 -3.50764
847000 -3.28151
848000 -3.05694
849000 -3.68813
850000 -3.33639
851000 -4.39853
852000 -5.20284
853000 -5.85166
854000 -5.05715
855000 -3.92835
856000 -4.57939
857000 -5.3854
858000 -5.04985
859000 -3.44185
860000 -2.95212
861000 -5.34114
862000 -5.67978
863000 -4.89261
864000 -3.93287
865000 -3.82434
866000 -2.83388
867000 -1.80762
868000 -3.09867
869000 -4.06176
870000 -3.75931
871000 -2.0602
872000 -1.96858
873000 -2.6184
874000 -2.64132
875000 -2.87996
876000 -3.25977
877000 -3.08992
878000 -2.51247
879000 -2.24578
880000 -3.0244
881000 -2.54583
882000 -1.70892
883000 -1.74768
884000 -2.05524
885000 -2.11827
886000 -0.0387471
887000 0.827249
888000 0.928205
889000 0.56635
890000 3.08482
891000 2.99117
892000 4.4348
893000 3.63542
894000 3.02205
895000 2.28601
896000 -0.465779
897000 -1.60885
898000 -1.21308
899000 -1.35471
900000 -0.450193
901000 -2.0108
902000 -1.38048
903000 -1.07925
904000 -2.37789
905000 -1.75887
906000 -2.34279
907000 -2.06861
908000 -2.89464
909000 -4.01092
910000 -4.98362
911000 -3.8906
912000 -4.92179
913000 -4.94923
914000 -5.83284
915000 -6.57911
916000 -6.1306
917000 -4.51415
918000 -5.28311
919000 -3.37047
920000 -2.90317
921000 -2.76514
922000 -2.158
923000 -1.24443
924000 -1.59875
925000 -1.78291
926000 -2.09584
927000 -2.81434
928000 -3.09185
929000 -0.990472
930000 -1.41599
931000 -0.166547
932000 -2.55324
933000 -2.82801
934000 -3.57533
935000 -4.01142
936000 -3.29208
937000 -4.79602
938000 -3.30702
939000 -3.06814
940000 -1.97345
941000 -1.37071
942000 -1.85964
943000 -0.169346
944000 -0.560209
945000 -2.77322
946000 -1.7688
947000 -1.39848
948000 -1.41326
949000 -0.939517
950000 -1.12237
951000 -1.22744
952000 -1.26897
953000 -2.37919
954000 -1.16894
955000 -1.90278
956000 -0.865629
957000 -1.5179
958000 -2.15505
959000 -1.39966
960000 -0.839893
961000 -0.6077
962000 0.0417515
963000 -1.44751
964000 -0.647044
965000 -1.79323
966000 -3.60855
967000 -4.33086
968000 -2.86914
969000 -3.26647
970000 -4.39889
971000 -4.76421
972000 -4.63481
973000 -4.59444
974000 -3.83879
975000 -3.35092
976000 -4.5337
977000 -3.82158
978000 -4.89973
979000 -4.61584
980000 -3.59474
981000 -4.21905
982000 -4.40362
983000 -4.469
984000 -3.47774
985000 -4.37233
986000 -4.38936
987000 -4.31174
988000 -3.18648
989000 -2.00012
990000 -3.32423
991000 -0.889208
992000 -0.0322382
993000 -1.04206
994000 -2.38281
995000 -3.07195
996000 -4.59554
997000 -4.36864
998000 -4.75252
999000 -3.17831
1000000 -5.38878
1001000 -4.56061
1002000 -4.54134
1003000 -3.82838
1004000 -2.10183
1005000 -3.2293
1006000 -3.43116
1007000 -2.50979
1008000 -3.73715
1009000 -5.08869
1010000 -4.56545
1011000 -5.51462
1012000 -6.81874
1013000 -4.75707
1014000 -3.2972
1015000 -2.2276
1016000 -2.30741
1017000 -4.58691
1018000 -3.21506
1019000 -4.50512
1020000 -5.28768
1021000 -4.99114
1022000 -5.64478
1023000 -4.95517
1024000 -5.09205
1025000 -4.38793
1026000 -5.07194
1027000 -3.85986
1028000 -2.4609
1029000 -2.06415
1030000 -2.79971
1031000 -2.72195
1032000 -4.44024
1033000 -3.55241
1034000 -3.72031
1035000 -1.83741
1036000 -2.01343
1037000 -2.0778
1038000 -1.22879
1039000 -1.41681
1040000 -2.04831
1041000 -2.41127
1042000 -3.06092
1043000 -3.21827
1044000 -3.169
1045000 -3.57748
1046000 -2.89852
1047000 -4.40626
1048000 -5.13408
1049000 -3.68685
1050000 -4.92222
1051000 -4.6055
1052000 -3.6513
1053000 -4.00701
1054000 -4.22371
1055000 -4.17818
1056000 -4.02726
1057000 -5.07179
1058000 -5.04129
1059000 -5.39593
1060000 -4.47445
1061000 -3.29413
1062000 -3.65288
1063000 -3.09887
1064000 -3.27724
1065000 -3.71957
1066000 -3.83565
1067000 -4.57285
1068000 -3.98192
1069000 -4.75604
1070000 -1.83254
1071000 -1.70949
1072000 -0.0236336
1073000 -1.22189
1074000 -0.127189
1075000 -0.243037
1076000 -1.102
1077000 -0.999077
1078000 -1.10148
1079000 -2.12206
1080000 -2.47775
1081000 -2.71142
1082000 -1.01743
1083000 -2.63401
1084000 -1.64007
1085000 -3.15498
1086000 -2.81462
1087000 -1.32598
1088000 -2.17448
1089000 -1.77877
1090000 -1.52009
1091000 -0.870714
1092000 -1.00245
1093000 0.392017
1094000 0.799816
1095000 0.536995
1096000 -0.541776
1097000 0.17101
1098000 -1.11674
1099000 -1.19891
1100000 -1.93991
1101000 -2.88693
1102000 -2.25465
1103000 -3.52779
1104000 -2.92847
1105000 -1.98074
1106000 -2.50367
1107000 -3.49515
1108000 -3.7737
1109000 -5.0573
1110000 -3.3606
1111000 -5.24438
1112000 -4.20781
1113000 -3.62955
1114000 -4.64178
1115000 -3.15706
1116000 -2.0328
1117000 -3.27486
1118000 -4.19467
1119000 -4.57507
1120000 -4.16577
1121000 -3.15858
1122000 -2.93741
1123000 -3.17262
1124000 -2.01229
1125000 -1.98761
1126000 -2.17392
1127000 -2.36501
1128000 -3.13636
1129000 -2.46949
1130000 -2.24541
1131000 -2.73123
1132000 -2.77482
1133000 -2.19216
1134000 -3.19686
1135000 -3.17246
1136000 -2.54713
1137000 -1.87526
1138000 -0.916867
1139000 -1.75655
1140000 -2.85814
1141000 -3.29768
1142000 -2.92804
1143000 -3.96957
1144000 -2.55001
1145000 -2.29129
1146000 -2.33423
1147000 -2.63995
1148000 -2.72741
1149000 -2.33681
1150000 -3.01799
1151000 -2.04725
1152000 -2.94025
1153000 -2.2795
1154000 -0.397503
1155000 -2.53246
1156000 -2.4569
1157000 -2.39346
1158000 -2.13834
1159000 -2.49733
1160000 -2.83202
1161000 -1.73937
1162000 -1.52087
1163000 -1.47499
1164000 -0.334729
1165000 -0.279117
1166000 0.187077
1167000 0.167269
1168000 -1.13186
1169000 -2.11419
1170000 -2.09314
1171000 -2.71489
1172000 -2.9461
1173000 -3.53981
1174000 -3.42619
1175000 -4.40216
1176000 -3.44023
1177000 -3.7384
1178000 -3.45078
1179000 -5.3875
1180000 -5.38067
1181000 -4.87375
1182000 -5.36336
1183000 -3.85036
1184000 -4.52717
1185000 -5.52383
1186000 -5.29586
1187000 -4.19733
1188000 -5.32597
1189000 -4.62632
1190000 -5.14907
1191000 -3.91828
1192000 -6.76898
1193000 -5.66707
1194000 -3.98227
1195000 -3.40696
1196000 -4.11283
1197000 -3.99869
1198000 -4.06853
1199000 -4.41639
1200000 -5.33458
1201000 -4.20588
1202000 -5.09418
1203000 -6.31874
1204000 -7.08672
1205000 -6.22208
