# Time-averaged data for fix f_shear
# TimeStep v_shear_stress
206000 0.930012
207000 -6.95972
208000 7.04615
209000 -0.0545003
210000 3.46087
211000 -0.418484
212000 1.9233
213000 -2.4978
214000 2.48922
215000 0.35221
216000 -2.28511
217000 -1.38704
218000 -0.835591
219000 -3.89489
220000 -0.631948
221000 -3.03617
222000 -1.51137
223000 0.990799
224000 -1.17088
225000 -0.927752
226000 1.08949
227000 3.21697
228000 0.140904
229000 0.109672
230000 -0.861991
231000 -1.15686
232000 -0.585842
233000 -0.14882
234000 1.105
235000 1.60988
236000 2.17214
237000 -0.144799
238000 2.6319
239000 -0.435946
240000 -2.59439
241000 0.237871
242000 0.565754
243000 3.41005
244000 2.16157
245000 0.602526
246000 3.02795
247000 1.79171
248000 3.60296
249000 1.67608
250000 4.1017
251000 2.27194
252000 4.97004
253000 3.20423
254000 1.81265
255000 0.288668
256000 -0.577373
257000 4.40131
258000 3.4443
259000 -1.16868
260000 -2.29748
261000 0.494932
262000 -0.132292
263000 0.921522
264000 1.70872
265000 3.84071
266000 0.858224
267000 1.27828
268000 2.69932
269000 -1.38759
270000 1.80689
271000 3.4401
272000 0.241173
273000 1.35508
274000 0.408398
275000 -1.06868
276000 2.06874
277000 0.266733
278000 0.0686652
279000 2.35525
280000 2.77553
281000 3.26897
282000 -0.521826
283000 -0.986516
284000 -3.53659
285000 -1.71701
286000 -1.29725
287000 0.823041
288000 0.140269
289000 -2.63469
290000 -0.724503
291000 -1.55441
292000 1.20735
293000 0.244386
294000 3.401
295000 3.82011
296000 3.62891
297000 5.06283
298000 3.8937
299000 1.82042
300000 1.2145
301000 0.788363
302000 3.2388
303000 3.43887
304000 1.82857
305000 0.448617
306000 2.2786
307000 1.46537
308000 4.78801
309000 6.63172
310000 5.0336
311000 2.73571
312000 2.62226
313000 3.39669
314000 3.52662
315000 2.20104
316000 2.02777
317000 2.2892
318000 1.03655
319000 1.10052
320000 -1.27252
321000 2.75161
322000 3.62405
323000 4.18359
324000 8.23398
325000 4.34315
326000 3.96053
327000 4.37894
328000 0.735454
329000 1.02922
330000 5.31052
331000 1.27011
332000 1.63363
333000 1.93429
334000 4.40411
335000 3.21571
336000 0.86268
337000 0.939451
338000 0.251023
339000 0.104834
340000 -0.928528
341000 0.167499
342000 1.43628
343000 1.67924
344000 3.20017
345000 2.24297
346000 6.42129
347000 2.84147
348000 -0.25865
349000 3.15752
350000 4.55645
351000 2.68612
352000 4.67674
353000 1.6467
354000 1.54035
355000 3.27461
356000 2.83658
357000 3.72006
358000 5.69428
359000 6.72005
360000 4.80619
361000 4.32796
362000 10.6078
363000 7.86969
364000 8.12233
365000 5.56765
366000 4.96946
367000 5.56124
368000 7.9475
369000 6.55674
370000 8.08295
371000 5.50322
372000 5.66347
373000 7.29984
374000 5.02884
375000 6.04381
376000 2.40331
377000 1.43032
378000 2.54204
379000 3.59712
380000 8.87362
381000 8.19316
382000 5.87981
383000 3.10254
384000 1.43632
385000 2.10253
386000 1.46186
387000 -2.02178
388000 0.536127
389000 4.37243
390000 5.78996
391000 6.9642
392000 7.77886
393000 3.74563
394000 9.25714
395000 7.29461
396000 6.43715
397000 7.8617
398000 6.14666
399000 8.87764
400000 9.23762
401000 11.7336
402000 9.49697
403000 9.94956
404000 6.224
405000 10.1766
406000 12.7505
407000 11.2304
408000 10.2777
409000 7.59387
410000 11.5517
411000 9.1377
412000 11.9099
413000 4.99196
414000 4.88218
415000 5.67358
416000 1.06628
417000 4.67254
418000 4.08968
419000 1.74703
420000 4.89671
421000 2.80887
422000 -0.802701
423000 0.231162
424000 -1.52088
425000 -0.683913
426000 -2.68968
427000 -0.641532
428000 0.909976
429000 2.23525
430000 5.37501
431000 4.83994
432000 3.74422
433000 -0.131684
434000 2.33603
435000 3.1137
436000 2.19124
437000 1.69589
438000 -1.99381
439000 2.17606
440000 2.61207
441000 -1.34046
442000 -1.05641
443000 0.75458
444000 6.83705
445000 0.353661
446000 1.01276
447000 3.01794
448000 -1.39693
449000 3.30366
450000 0.902099
451000 3.63231
452000 3.26804
453000 4.25055
454000 5.75788
455000 4.11114
456000 3.79968
457000 1.63283
458000 4.40083
459000 2.34784
460000 4.71586
461000 2.49426
462000 4.89304
463000 7.62293
464000 6.88874
465000 7.63145
466000 3.66699
467000 3.32922
468000 3.77811
469000 5.69435
470000 7.05565
471000 2.47207
472000 4.69767
473000 3.45019
474000 4.82994
475000 6.10136
476000 4.51624
477000 3.96354
478000 5.4275
479000 3.56877
480000 2.57106
481000 1.44013
482000 3.01644
483000 5.75924
484000 5.71052
485000 3.75448
486000 3.69224
487000 -0.256853
488000 4.08711
489000 1.03079
490000 3.16151
491000 4.06813
492000 4.4027
493000 2.64137
494000 1.46985
495000 5.11804
496000 7.63039
497000 4.43974
498000 4.55205
499000 5.35079
500000 6.84998
501000 7.42569
502000 4.60982
503000 7.1326
504000 5.23058
505000 5.17165
506000 4.04722
507000 0.807856
508000 1.50168
509000 -0.337538
510000 2.65681
511000 2.05433
512000 -0.44335
513000 3.12154
514000 1.82012
515000 3.83263
516000 3.63261
517000 3.15949
518000 2.70514
519000 -0.953606
520000 3.43537
521000 2.76498
522000 0.929945
523000 1.12844
524000 3.83537
525000 0.928236
526000 -0.536817
527000 -3.33209
528000 -3.40146
529000 -1.1328
530000 -0.0883291
531000 0.00158804
532000 2.11569
533000 0.679355
534000 5.19003
535000 7.47577
536000 6.87315
537000 7.65529
538000 7.20206
539000 2.94681
540000 3.5815
541000 6.71014
542000 6.23488
543000 6.87994
544000 8.48097
545000 8.60955
546000 5.79588
547000 4.17135
548000 3.14862
549000 7.19915
550000 2.35305
551000 4.53875
552000 2.51675
553000 0.77789
554000 2.63774
555000 3.85098
556000 3.84458
557000 4.37327
558000 5.79025
559000 4.63567
560000 2.89883
561000 4.38282
562000 4.37184
563000 8.16839
564000 11.8522
565000 10.1504
566000 9.95524
567000 7.48526
568000 8.79774
569000 11.0984
570000 6.75991
571000 4.28085
572000 3.23488
573000 3.81682
574000 4.4667
575000 4.4133
576000 5.08366
577000 7.854
578000 10.0442
579000 8.65104
580000 8.88473
581000 10.5342
582000 9.4826
583000 3.08577
584000 11.6377
585000 8.20861
586000 7.16922
587000 10.0511
588000 6.02247
589000 9.31165
590000 8.62001
591000 6.01346
592000 2.67353
593000 2.89516
594000 3.36398
595000 2.60453
596000 3.89948
597000 7.30035
598000 7.40293
599000 6.80028
600000 5.86659
601000 5.36852
602000 6.61783
603000 3.52197
604000 3.23509
605000 2.66485
606000 6.00215
607000 4.19225
608000 4.72362
609000 4.18116
610000 3.84137
611000 1.8109
612000 2.06728
613000 4.75866
614000 7.60608
615000 6.03247
616000 3.52302
617000 0.751922
618000 0.0552045
619000 2.75876
620000 1.67035
621000 6.80683
622000 3.67016
623000 4.99644
624000 2.66984
625000 3.79632
626000 4.88578
627000 4.15739
628000 4.35437
629000 5.43103
630000 4.94496
631000 4.42513
632000 2.68812
633000 3.12609
634000 3.94656
635000 2.90438
636000 2.17137
637000 2.60424
638000 1.3283
639000 1.12219
640000 1.88392
641000 2.27703
642000 -0.205687
643000 3.12329
644000 -0.543054
645000 1.66668
646000 3.50211
647000 3.45611
648000 -0.519003
649000 2.22982
650000 1.00226
651000 -0.237954
652000 1.80971
653000 2.91439
654000 -3.2592
655000 0.177437
656000 3.18676
657000 3.81706
658000 3.59041
659000 5.06561
660000 3.74351
661000 1.77282
662000 3.52744
663000 4.91455
664000 4.50648
665000 2.01976
666000 3.12151
667000 8.17722
668000 6.34146
669000 6.8512
670000 3.39378
671000 6.83972
672000 5.70551
673000 6.0733
674000 6.13237
675000 6.72555
676000 5.1524
677000 3.72898
678000 4.74704
679000 6.49963
680000 6.40194
681000 5.08977
682000 0.658332
683000 3.17177
684000 5.26334
685000 3.16247
686000 4.89017
687000 8.00391
688000 7.4019
689000 6.94505
690000 3.84648
691000 3.37946
692000 -1.09243
693000 1.21073
694000 2.37344
695000 2.80439
696000 -0.333556
697000 4.53638
698000 5.71739
699000 9.47648
700000 7.75742
701000 8.92355
702000 6.14476
703000 6.55889
704000 7.60358
705000 4.95226
706000 4.76854
707000 3.06945
708000 3.92598
709000 3.71086
710000 8.69378
711000 5.95442
712000 7.61031
713000 9.58377
714000 10.3869
715000 8.78014
716000 6.7887
717000 5.15483
718000 1.77777
719000 3.91711
720000 0.968853
721000 2.14584
722000 3.2482
723000 7.69679
724000 8.82316
725000 5.7352
726000 4.2678
727000 3.3768
728000 5.22074
729000 3.30479
730000 2.3128
731000 5.5565
732000 2.48432
733000 5.67421
734000 5.38095
735000 3.13222
736000 5.90278
737000 5.74106
738000 3.96349
739000 0.9117
740000 3.08839
741000 4.93625
742000 6.54686
743000 8.49657
744000 8.87616
745000 8.36363
746000 8.01025
747000 4.69893
748000 5.60282
749000 7.11152
750000 6.33259
751000 7.37544
752000 9.26129
753000 7.21909
754000 7.96909
755000 9.93301
756000 6.92653
757000 3.7333
758000 2.09931
759000 3.16702
760000 4.92369
761000 5.65434
762000 3.66393
763000 7.21915
764000 1.65445
765000 5.85003
766000 6.06327
767000 9.00147
768000 8.80536
769000 7.06068
770000 6.76935
771000 7.47315
772000 10.3326
773000 4.69481
774000 6.06663
775000 6.08565
776000 -0.232421
777000 0.027757
778000 -2.84816
779000 -4.48716
780000 0.558708
781000 0.169907
782000 -0.531874
783000 1.44665
784000 0.332568
785000 5.26694
786000 -0.40145
787000 0.725197
788000 0.418884
789000 1.72326
790000 4.76327
791000 4.7604
792000 2.06642
793000 3.48149
794000 1.63048
795000 2.60207
796000 0.918725
797000 -0.0719439
798000 3.3799
799000 7.43761
800000 8.19802
801000 9.20908
802000 3.55372
803000 6.28631
804000 5.17412
805000 6.03746
806000 6.6726
807000 3.84716
808000 4.42717
809000 4.55736
810000 4.45435
811000 4.85936
812000 4.00022
813000 0.662911
814000 4.82761
815000 0.00618829
816000 0.963713
817000 2.75759
818000 2.44034
819000 2.20193
820000 5.96342
821000 5.17337
822000 8.11708
823000 7.56211
824000 2.15708
825000 1.86924
826000 2.85222
827000 1.5342
828000 3.45161
829000 3.39528
830000 1.59892
831000 5.6331
832000 6.86968
833000 0.687178
834000 1.44222
835000 1.91752
836000 3.60963
837000 5.12351
838000 2.39996
839000 0.769525
840000 1.12973
841000 4.58782
842000 2.03876
843000 2.81815
844000 5.92937
845000 1.52789
846000 3.19684
847000 3.14224
848000 4.24908
849000 4.82481
850000 1.52268
851000 1.70132
852000 -2.08685
853000 -1.99965
854000 -2.43722
855000 1.94932
856000 -0.653382
857000 -0.0247032
858000 -2.38617
859000 4.72206
860000 3.78752
861000 5.52249
862000 2.43174
863000 2.79912
864000 2.4171
865000 5.37408
866000 7.93356
867000 2.96746
868000 5.46602
869000 7.58167
870000 8.48904
871000 7.85641
872000 8.42216
873000 5.3327
874000 4.12578
875000 2.01231
876000 3.87396
877000 6.92069
878000 6.10479
879000 8.58018
880000 5.77139
881000 4.12968
882000 5.88894
883000 5.28321
884000 5.29788
885000 9.46646
886000 6.78117
887000 4.30361
888000 6.81947
889000 3.63743
890000 1.80553
891000 2.32879
892000 1.55561
893000 -1.2995
894000 1.72409
895000 4.68403
896000 1.07932
897000 0.309698
898000 0.326251
899000 4.12995
900000 1.22748
901000 2.2829
902000 3.95249
903000 4.41262
904000 4.23907
905000 3.46301
906000 0.824546
907000 0.0703077
908000 2.04489
909000 4.14101
910000 7.13562
911000 7.96685
912000 10.4209
913000 6.52104
914000 6.96271
915000 5.88134
916000 1.53406
917000 6.8152
918000 3.50288
919000 7.73851
920000 10.2099
921000 10.7185
922000 10.2341
923000 11.4644
924000 9.90464
925000 9.94518
926000 11.2307
927000 13.8913
928000 13.0865
929000 15.4995
930000 12.3413
931000 12.6164
932000 8.8015
933000 11.2959
934000 12.5598
935000 14.0337
936000 11.9406
937000 11.6735
938000 12.6168
939000 13.4282
940000 11.4086
941000 10.1036
942000 12.3581
943000 16.5994
944000 13.6863
945000 15.3643
946000 12.9729
947000 11.4058
948000 8.73868
949000 8.71044
950000 8.59545
951000 4.88112
952000 11.1564
953000 11.3704
954000 11.4831
955000 11.5609
956000 9.91853
957000 7.09642
958000 7.91175
959000 11.0938
960000 11.1089
961000 4.14729
962000 9.65566
963000 8.77772
964000 5.13395
965000 4.73898
966000 7.03307
967000 7.3222
968000 5.68684
969000 8.47411
970000 3.99863
971000 5.17075
972000 3.37794
973000 3.09054
974000 2.4507
975000 5.44156
976000 7.9708
977000 5.97322
978000 6.17539
979000 6.56898
980000 5.47344
981000 4.88521
982000 4.28128
983000 5.27263
984000 2.09247
985000 5.07569
986000 6.16005
987000 9.51935
988000 5.94343
989000 3.27691
990000 3.76374
991000 7.08754
992000 5.59841
993000 4.77156
994000 3.85307
995000 4.97867
996000 4.76223
997000 4.83702
998000 8.3518
999000 9.80769
1000000 11.4943
1001000 11.2204
1002000 7.5136
1003000 5.84414
1004000 7.37277
1005000 5.194
1006000 4.59124
1007000 5.24371
1008000 5.5785
1009000 4.68613
1010000 4.74722
1011000 1.62551
1012000 5.81262
1013000 2.65775
1014000 3.79002
1015000 7.15492
1016000 7.50188
1017000 8.36653
1018000 7.5272
1019000 8.03308
1020000 6.79366
1021000 8.29474
1022000 8.17389
1023000 6.72212
1024000 6.56461
1025000 10.26
1026000 3.09229
1027000 8.41513
1028000 10.3355
1029000 9.26764
1030000 7.52876
1031000 5.30585
1032000 3.3906
1033000 3.46877
1034000 2.50218
1035000 0.719993
1036000 -0.780433
1037000 5.1946
1038000 4.19007
1039000 7.3851
1040000 9.61571
1041000 10.0698
1042000 7.55279
1043000 8.57239
1044000 9.4989
1045000 7.86909
1046000 12.7579
1047000 8.61532
1048000 9.13261
1049000 8.2411
1050000 10.7511
1051000 9.10837
1052000 6.1369
1053000 2.61384
1054000 4.60322
1055000 2.82588
1056000 5.88098
1057000 4.52724
1058000 2.14801
1059000 1.05773
1060000 6.91164
1061000 4.50898
1062000 4.77836
1063000 3.0565
1064000 1.07305
1065000 4.56067
1066000 1.88717
1067000 0.252482
1068000 6.66693
1069000 7.1262
1070000 3.42883
1071000 2.12147
1072000 3.0935
1073000 7.02402
1074000 6.62781
1075000 10.4266
1076000 7.95497
1077000 7.00374
1078000 8.76398
1079000 9.39117
1080000 8.11678
1081000 11.2557
1082000 6.03925
1083000 9.40277
1084000 6.29648
1085000 6.19336
1086000 9.09816
1087000 10.0358
1088000 6.26104
1089000 6.58537
1090000 6.54577
1091000 5.79068
1092000 4.47313
1093000 2.44274
1094000 8.44693
1095000 7.70104
1096000 9.3242
1097000 7.50956
1098000 7.10266
1099000 4.44236
1100000 2.83284
1101000 5.5498
1102000 7.06566
1103000 12.0385
1104000 9.10262
1105000 7.58123
1106000 6.2373
1107000 8.4994
1108000 7.06475
1109000 7.0284
1110000 3.77276
1111000 4.69038
1112000 0.731905
1113000 5.05977
1114000 3.86426
1115000 4.21145
1116000 4.74358
1117000 7.35111
1118000 5.54983
1119000 2.71291
1120000 6.28047
1121000 3.23792
1122000 4.28057
1123000 4.35126
1124000 5.07876
1125000 6.82092
1126000 2.61296
1127000 1.62621
1128000 -0.646527
1129000 0.600413
1130000 4.08656
1131000 2.03018
1132000 0.0782263
1133000 2.42874
1134000 3.26455
1135000 3.68399
1136000 4.86215
1137000 3.29898
1138000 6.79161
1139000 3.94087
1140000 0.982554
1141000 1.78105
1142000 -1.58674
1143000 3.23816
1144000 1.7104
1145000 3.99041
1146000 1.51019
1147000 2.29634
1148000 -2.45142
1149000 -3.5473
1150000 -1.63963
1151000 -1.07086
1152000 -2.9487
1153000 -3.0998
1154000 -1.11522
1155000 0.362361
1156000 2.25819
1157000 0.823513
1158000 0.60249
1159000 2.39759
1160000 -1.13807
1161000 1.24028
1162000 0.0212885
1163000 1.91566
1164000 -2.66361
1165000 0.428562
1166000 1.81626
1167000 6.54574
1168000 3.25486
1169000 4.84805
1170000 3.23178
1171000 1.36135
1172000 1.58268
1173000 2.93478
1174000 4.55149
1175000 4.44929
1176000 6.26139
1177000 3.73468
1178000 8.48755
1179000 6.7872
1180000 5.55432
1181000 4.55797
1182000 5.99283
1183000 2.59857
1184000 3.87653
1185000 3.58377
1186000 5.77261
1187000 4.49636
1188000 4.01059
1189000 2.49755
1190000 -0.740525
1191000 1.6078
1192000 1.17768
1193000 1.83402
1194000 -0.428863
1195000 0.719831
1196000 2.89419
1197000 3.46797
1198000 3.3102
1199000 2.88636
1200000 3.88316
1201000 2.372
1202000 1.73049
1203000 5.07875
1204000 4.77571
1205000 4.07718
