# Time-averaged data for fix f_shear
# TimeStep v_shear_stress
206000 -11.2153
207000 -1.73288
208000 1.86973
209000 1.30724
210000 0.81373
211000 0.454107
212000 -5.30445
213000 -0.321144
214000 3.03663
215000 -8.41106
216000 -1.4782
217000 -1.86384
218000 -1.95839
219000 -0.910281
220000 2.79474
221000 5.61277
222000 5.12896
223000 0.903855
224000 2.7852
225000 2.40238
226000 3.06602
227000 1.51345
228000 5.89247
229000 2.32047
230000 4.19045
231000 7.21792
232000 0.767548
233000 5.25215
234000 1.84613
235000 3.08962
236000 0.731097
237000 0.359957
238000 -1.25873
239000 1.0011
240000 -0.574386
241000 3.34141
242000 1.81686
243000 -0.37788
244000 1.39456
245000 1.51219
246000 2.57631
247000 2.33322
248000 3.01797
249000 3.70016
250000 0.325766
251000 5.22953
252000 3.75781
253000 3.7318
254000 0.281577
255000 -0.718263
256000 2.90104
257000 7.24994
258000 4.16463
259000 2.09073
260000 6.16168
261000 6.19729
262000 2.61964
263000 8.87026
264000 5.84359
265000 2.26323
266000 5.84411
267000 3.20088
268000 4.76153
269000 2.39578
270000 5.32508
271000 2.64574
272000 4.21626
273000 2.26765
274000 3.3667
275000 5.18401
276000 6.60801
277000 5.30537
278000 0.842333
279000 6.27481
280000 8.25285
281000 4.64375
282000 4.76341
283000 5.75759
284000 5.06675
285000 1.62613
286000 2.2418
287000 -0.786585
288000 3.05275
289000 3.45036
290000 1.99156
291000 0.235352
292000 4.04222
293000 4.61606
294000 6.35
295000 10.3458
296000 6.67344
297000 5.13618
298000 6.43951
299000 4.1135
300000 1.43313
301000 5.06146
302000 5.74028
303000 4.5619
304000 8.07095
305000 4.69429
306000 2.91364
307000 6.18382
308000 5.83567
309000 6.59931
310000 4.62006
311000 5.92883
312000 5.53084
313000 4.29944
314000 6.05254
315000 6.76207
316000 4.9161
317000 4.6072
318000 4.39015
319000 4.78599
320000 7.96607
321000 6.84089
322000 7.91749
323000 1.11792
324000 3.61476
325000 2.63574
326000 4.9738
327000 0.867837
328000 3.91841
329000 1.36486
330000 6.88121
331000 4.13574
332000 1.79476
333000 1.95076
334000 5.19128
335000 2.77643
336000 3.14253
337000 0.973524
338000 6.60525
339000 1.87132
340000 4.17392
341000 2.32357
342000 0.627772
343000 4.62379
344000 2.77298
345000 5.50939
346000 3.84455
347000 3.74529
348000 2.69252
349000 2.78418
350000 4.42763
351000 5.46811
352000 0.663929
353000 7.34277
354000 -0.258892
355000 3.71275
356000 2.16383
357000 3.96431
358000 8.57119
359000 1.35468
360000 1.62443
361000 2.05043
362000 0.250362
363000 -1.203
364000 3.90966
365000 -0.102067
366000 1.42069
367000 -1.45333
368000 -8.21165
369000 -3.45073
370000 -0.522406
371000 -3.4366
372000 -0.297482
373000 2.56635
374000 3.31818
375000 -1.23045
376000 -2.38421
377000 -2.78141
378000 -2.22035
379000 -2.11604
380000 -2.9002
381000 -1.83339
382000 -0.870958
383000 0.0897271
384000 -5.25872
385000 -2.38097
386000 -3.7262
387000 -5.83269
388000 -1.90072
389000 -2.35379
390000 -1.82129
391000 0.5854
392000 -1.93367
393000 -5.99236
394000 -2.82245
395000 -8.17362
396000 -7.12654
397000 -10.5367
398000 -4.33081
399000 -4.82813
400000 -5.3382
401000 -8.72788
402000 -6.69107
403000 -2.88845
404000 -2.6689
405000 -4.60025
406000 -4.71066
407000 -6.63106
408000 -6.0865
409000 -8.12413
410000 -8.23182
411000 -8.22812
412000 -10.0477
413000 -7.9286
414000 -7.3397
415000 -7.86071
416000 -9.11502
417000 -4.72538
418000 -8.42329
419000 -5.78997
420000 -2.61103
421000 -8.15805
422000 -8.0073
423000 -7.21136
424000 -6.38063
425000 -7.0341
426000 -3.7479
427000 -2.94548
428000 -7.3916
429000 -5.34689
430000 -0.639822
431000 -4.22705
432000 -5.68377
433000 -6.00192
434000 -7.11703
435000 -3.79951
436000 -1.39974
437000 -1.31295
438000 -5.29824
439000 -2.34452
440000 -7.97125
441000 -2.15606
442000 -2.70352
443000 -7.59718
444000 -3.88801
445000 0.715379
446000 0.763206
447000 -1.93596
448000 -1.2318
449000 -0.0916048
450000 -0.957143
451000 -3.64823
452000 -1.849
453000 2.39472
454000 0.303977
455000 -0.614499
456000 -1.40324
457000 -1.08732
458000 -2.33445
459000 -1.99213
460000 1.33088
461000 1.33132
462000 0.536409
463000 1.05405
464000 -2.13554
465000 -0.608949
466000 1.52552
467000 3.12685
468000 -5.01386
469000 -0.337854
470000 2.59161
471000 2.08619
472000 -1.95562
473000 0.300783
474000 0.967543
475000 2.56678
476000 5.23189
477000 7.41077
478000 2.39144
479000 5.01924
480000 -0.595346
481000 3.24307
482000 4.32242
483000 2.50942
484000 3.71954
485000 2.94584
486000 -1.19871
487000 1.77144
488000 4.28461
489000 4.74863
490000 -0.991844
491000 -2.472
492000 -0.256789
493000 -3.75884
494000 5.23965
495000 1.09017
496000 -1.21689
497000 2.54183
498000 0.624696
499000 -4.35072
500000 0.971258
501000 0.50055
502000 1.63664
503000 1.90804
504000 5.37359
505000 1.00896
506000 -0.0646691
507000 -0.898873
508000 2.1736
509000 3.4895
510000 0.787239
511000 4.76635
512000 4.65849
513000 -2.3717
514000 0.493975
515000 2.64094
516000 -0.37733
517000 -1.044
518000 3.5277
519000 0.527205
520000 2.27694
521000 4.86088
522000 5.02831
523000 3.36006
524000 3.12798
525000 4.98256
526000 5.4962
527000 7.11255
528000 5.4991
529000 7.76428
530000 5.60459
531000 5.32703
532000 3.90067
533000 5.06528
534000 3.91915
535000 1.19727
536000 5.02945
537000 2.52474
538000 3.08647
539000 -2.106
540000 -1.75614
541000 1.83842
542000 0.823401
543000 -1.92007
544000 2.60097
545000 3.08476
546000 -1.18744
547000 1.39281
548000 -0.267746
549000 -3.3453
550000 -1.80199
551000 -3.60745
552000 -1.30353
553000 -2.19567
554000 3.79452
555000 1.33148
556000 -2.22177
557000 -1.58184
558000 -1.01641
559000 -0.718419
560000 -2.0245
561000 -3.34617
562000 1.0896
563000 1.27061
564000 -0.859015
565000 0.2438
566000 3.01406
567000 1.39629
568000 -2.61499
569000 -0.0757931
570000 -2.15349
571000 -0.477527
572000 0.161335
573000 -2.33346
574000 -3.23474
575000 -4.8863
576000 -2.66948
577000 -3.54246
578000 -5.77589
579000 -0.393216
580000 -1.36821
581000 -0.781427
582000 -1.9918
583000 -0.456389
584000 -1.80165
585000 -2.46634
586000 -1.24365
587000 0.830273
588000 -1.38517
589000 -3.4429
590000 -2.02482
591000 -0.83357
592000 -1.43954
593000 -0.827712
594000 -3.07712
595000 -2.7144
596000 0.838846
597000 -2.401
598000 1.77998
599000 -0.841196
600000 2.95283
601000 -3.53592
602000 0.0822048
603000 -0.493543
604000 -1.4861
605000 1.56927
606000 2.3402
607000 -3.34063
608000 -1.04927
609000 -1.30074
610000 0.829046
611000 0.064998
612000 4.08073
613000 0.61653
614000 1.63699
615000 0.934082
616000 1.86604
617000 1.89302
618000 2.6011
619000 -2.66665
620000 -0.492816
621000 2.49876
622000 -3.00759
623000 -0.822572
624000 -0.0283025
625000 1.58646
626000 -1.92202
627000 -2.78886
628000 -3.20897
629000 -0.443744
630000 -0.925786
631000 -0.315385
632000 -2.51829
633000 -5.77263
634000 0.335317
635000 -3.10277
636000 -3.62179
637000 -0.529345
638000 0.614769
639000 -2.12036
640000 -5.47078
641000 -6.75732
642000 -7.57587
643000 -3.39135
644000 -4.42578
645000 -2.68197
646000 -1.04405
647000 -6.31842
648000 -4.89119
649000 -7.47162
650000 -5.68218
651000 -1.82495
652000 -2.35117
653000 -3.48611
654000 -5.61652
655000 -7.37721
656000 -7.14712
657000 -5.81188
658000 -6.2751
659000 -2.88595
660000 -8.57427
661000 -8.79951
662000 -4.42387
663000 -7.73936
664000 -4.48261
665000 -6.95962
666000 -6.84237
667000 -3.65398
668000 -4.58795
669000 -3.39867
670000 -3.62006
671000 -2.37492
672000 1.34085
673000 -3.47216
674000 -5.97765
675000 -5.78038
676000 -1.60829
677000 -2.97004
678000 0.909886
679000 -2.9879
680000 -1.16376
681000 -4.47282
682000 -1.99019
683000 -2.00574
684000 -1.18417
685000 0.636561
686000 -2.65417
687000 -3.72476
688000 -6.2926
689000 -4.11346
690000 -2.8257
691000 0.507682
692000 0.318998
693000 0.548864
694000 3.48411
695000 1.06088
696000 -2.55632
697000 -3.35447
698000 1.01067
699000 0.179756
700000 1.06712
701000 -1.43744
702000 0.121491
703000 1.06757
704000 -2.92275
705000 -0.934299
706000 -1.83737
707000 1.15244
708000 1.28842
709000 -0.724054
710000 -2.80664
711000 -4.7022
712000 -0.236403
713000 -2.50997
714000 -2.55964
715000 -2.11459
716000 -2.71176
717000 -1.66284
718000 -1.98528
719000 -2.75499
720000 1.81481
721000 0.595138
722000 -2.19862
723000 -0.702935
724000 -5.16735
725000 3.90417
726000 -0.664646
727000 -0.217311
728000 -1.5531
729000 1.84609
730000 4.35116
731000 0.241465
732000 2.63482
733000 -0.399194
734000 -0.850718
735000 -6.22648
736000 -0.733243
737000 -1.91331
738000 -1.39167
739000 -2.13289
740000 1.45516
741000 -3.79218
742000 0.354271
743000 -2.33194
744000 -1.43062
745000 -2.67004
746000 -5.04295
747000 -3.85227
748000 -7.30463
749000 -2.21594
750000 -3.41553
751000 -3.40547
752000 -6.33378
753000 -1.28759
754000 -5.8657
755000 -1.12482
756000 -2.9313
757000 0.0279116
758000 0.214135
759000 -8.83674
760000 -4.31436
761000 0.749797
762000 -7.51645
763000 -2.21346
764000 -6.48622
765000 -1.699
766000 -4.35821
767000 -5.81929
768000 -3.31257
769000 -6.42525
770000 -3.57457
771000 -5.25431
772000 -7.4118
773000 -4.79451
774000 -3.51832
775000 -5.66509
776000 -13.1798
777000 -7.46772
778000 -6.69078
779000 -6.07225
780000 -4.69129
781000 -3.74154
782000 -1.71211
783000 -3.77234
784000 -3.34919
785000 4.96758
786000 1.50173
787000 -1.7688
788000 -1.19374
789000 -2.84046
790000 -3.58687
791000 -0.483158
792000 -3.7772
793000 -0.736811
794000 1.13449
795000 -3.28963
796000 -0.798748
797000 0.722583
798000 0.774446
799000 3.9593
800000 1.25622
801000 2.46942
802000 0.104266
803000 0.37162
804000 2.98033
805000 3.52265
806000 2.81387
807000 5.73225
808000 2.35821
809000 3.55245
810000 2.49174
811000 1.27994
812000 6.16461
813000 9.29109
814000 2.72896
815000 3.70302
816000 3.10005
817000 4.0011
818000 3.96607
819000 4.69399
820000 2.51194
821000 -0.629889
822000 7.37932
823000 7.13057
824000 4.15231
825000 2.16153
826000 1.05171
827000 0.1728
828000 4.05077
829000 1.74364
830000 8.09638
831000 1.79945
832000 5.09146
833000 2.40396
834000 2.49518
835000 3.18223
836000 5.21837
837000 1.1095
838000 4.54328
839000 7.61465
840000 3.65813
841000 7.77442
842000 4.17571
843000 1.99935
844000 4.94541
845000 5.55867
846000 1.9323
847000 2.167
848000 -0.254217
849000 0.925382
850000 3.33958
851000 0.466313
852000 0.208445
853000 -1.26389
854000 0.874945
855000 2.68586
856000 5.4696
857000 4.16477
858000 0.889281
859000 0.935248
860000 -4.87638
861000 -1.50861
862000 -5.05124
863000 -2.56812
864000 -1.26941
865000 2.1798
866000 0.0289373
867000 0.220967
868000 2.14403
869000 -3.05298
870000 1.29027
871000 4.98673
872000 -0.208584
873000 -3.05057
874000 0.68786
875000 1.49911
876000 -1.08045
877000 2.83747
878000 4.3638
879000 4.84048
880000 2.45015
881000 2.96372
882000 -1.82287
883000 0.603767
884000 0.71388
885000 -1.39438
886000 -1.4872
887000 -0.607717
888000 1.88768
889000 -1.14849
890000 -2.01798
891000 -0.125257
892000 3.41166
893000 0.807433
894000 1.5822
895000 -3.92927
896000 -0.590101
897000 -5.31682
898000 -2.11263
899000 1.21341
900000 3.45434
901000 2.06289
902000 -0.000886061
903000 -1.38809
904000 -0.0839304
905000 -0.516262
906000 1.37791
907000 3.26034
908000 0.182119
909000 -1.78304
910000 0.0716549
911000 -1.04115
912000 -6.97118
913000 1.42824
914000 -2.49473
915000 -1.2482
916000 -2.32636
917000 1.40645
918000 -0.209561
919000 0.218554
920000 2.96213
921000 -2.82397
922000 -0.961599
923000 -4.55696
924000 0.0878464
925000 -3.41337
926000 -0.631402
927000 -3.99468
928000 -3.2083
929000 3.29856
930000 0.623991
931000 0.681044
932000 2.46351
933000 1.63214
934000 -3.92742
935000 4.0464
936000 3.07988
937000 -1.98908
938000 0.815933
939000 6.4407
940000 3.50124
941000 5.3831
942000 1.95563
943000 6.01487
944000 4.1366
945000 2.28181
946000 4.58963
947000 2.99821
948000 -0.227772
949000 2.74114
950000 3.22673
951000 0.628158
952000 2.35064
953000 0.604126
954000 4.41157
955000 6.63493
956000 4.31894
957000 -0.827855
958000 -1.53974
959000 1.7361
960000 3.54373
961000 0.771113
962000 -3.25387
963000 -0.0849738
964000 2.69193
965000 1.4749
966000 3.76359
967000 -2.19604
968000 -0.579024
969000 1.70511
970000 -2.28173
971000 3.43693
972000 -3.93477
973000 -0.659369
974000 -1.27841
975000 4.18198
976000 1.5141
977000 2.12853
978000 5.82434
979000 3.68375
980000 3.32992
981000 5.85547
982000 6.53421
983000 5.55845
984000 7.05018
985000 2.95168
986000 3.70685
987000 3.36698
988000 0.223586
989000 2.37625
990000 2.3088
991000 2.70283
992000 5.75744
993000 1.7824
994000 -2.13766
995000 -2.74912
996000 0.145403
997000 -1.46767
998000 -2.09126
999000 0.0338816
1000000 2.4946
1001000 -1.38175
1002000 0.290882
1003000 -1.51333
1004000 0.696264
1005000 2.46189
1006000 0.500336
1007000 0.550131
1008000 -3.28921
1009000 1.12125
1010000 0.440434
1011000 1.37349
1012000 4.86801
1013000 1.08465
1014000 1.64315
1015000 3.50936
1016000 -0.0545798
1017000 6.17085
1018000 0.522115
1019000 -2.10211
1020000 0.0833429
1021000 1.60732
1022000 -3.75334
1023000 -2.14452
1024000 -0.594919
1025000 2.48513
1026000 0.269664
1027000 -4.17036
1028000 -1.20573
1029000 3.08393
1030000 1.52343
1031000 -2.91226
1032000 1.82808
1033000 2.09049
1034000 -0.925296
1035000 3.73823
1036000 -0.564318
1037000 1.58566
1038000 -2.22646
1039000 -5.10807
1040000 -7.5482
1041000 -2.94448
1042000 0.042733
1043000 -0.911645
1044000 -0.412875
1045000 -6.27455
1046000 -5.04218
1047000 -0.767811
1048000 -0.862193
1049000 -1.5891
1050000 -1.06274
1051000 -1.99667
1052000 -2.99775
1053000 -3.03309
1054000 -0.218967
1055000 -6.02259
1056000 -0.105924
1057000 -1.85809
1058000 -1.86316
1059000 1.5639
1060000 -4.01951
1061000 0.798745
1062000 -0.895414
1063000 -3.16901
1064000 -0.603911
1065000 -2.16268
1066000 -1.57807
1067000 -1.29111
1068000 -0.10194
1069000 -1.94908
1070000 -3.28437
1071000 0.22532
1072000 -2.96242
1073000 -5.13731
1074000 -1.2938
1075000 0.967216
1076000 2.07017
1077000 -1.32208
1078000 1.2475
1079000 2.11425
1080000 1.10539
1081000 0.4653
1082000 0.873842
1083000 3.36184
1084000 -0.610826
1085000 1.30231
1086000 0.650261
1087000 -0.356103
1088000 -0.135787
1089000 2.65256
1090000 1.88647
1091000 -1.44081
1092000 1.6124
1093000 2.56883
1094000 0.272564
1095000 -2.14532
1096000 2.94742
1097000 5.16677
1098000 0.398719
1099000 -1.14997
1100000 -1.78147
1101000 -5.13402
1102000 -1.51468
1103000 -3.35142
1104000 -1.80022
1105000 -2.58605
1106000 -3.20221
1107000 -0.947737
1108000 1.56757
1109000 -1.21525
1110000 -2.2755
1111000 0.506417
1112000 -0.339436
1113000 -1.0276
1114000 -1.36467
1115000 -0.432375
1116000 1.01837
1117000 -0.644662
1118000 0.268179
1119000 3.14557
1120000 3.53617
1121000 1.94246
1122000 2.99483
1123000 2.31296
1124000 -0.618049
1125000 2.53553
1126000 4.68172
1127000 4.9186
1128000 1.98143
1129000 0.551227
1130000 -0.127857
1131000 -2.26387
1132000 3.51291
1133000 3.30404
1134000 1.6151
1135000 -3.85517
1136000 -5.08909
1137000 -2.00074
1138000 0.028669
1139000 3.08995
1140000 0.622839
1141000 -1.32367
1142000 -3.7981
1143000 -0.586235
1144000 1.26526
1145000 -3.99407
1146000 -3.88771
1147000 -1.03641
1148000 -1.7249
1149000 -1.78649
1150000 -2.02394
1151000 -4.1944
1152000 -5.30685
1153000 -5.42597
1154000 0.735845
1155000 -1.9322
1156000 -5.43753
1157000 -1.96159
1158000 -4.35016
1159000 -2.67336
1160000 -6.10583
1161000 -1.9537
1162000 -1.54785
1163000 -4.36404
1164000 -3.05294
1165000 -4.07478
1166000 -5.25343
1167000 -5.86056
1168000 -2.80859
1169000 -3.34716
1170000 -0.160241
1171000 -3.24515
1172000 -4.68684
1173000 -2.19349
1174000 -1.35554
1175000 0.328392
1176000 5.23677
1177000 2.32206
1178000 -1.6252
1179000 -1.3914
1180000 -2.76771
1181000 1.32844
1182000 -0.805284
1183000 -3.22286
1184000 -3.01964
1185000 3.14048
1186000 0.765941
1187000 -2.37457
1188000 2.03293
1189000 1.30501
1190000 -1.49667
1191000 3.46118
1192000 1.60331
1193000 1.33065
1194000 2.1777
1195000 -1.54652
1196000 -0.185965
1197000 -0.379544
1198000 2.51298
1199000 -0.425849
1200000 -1.39479
1201000 -4.00621
1202000 -3.72646
1203000 -0.370938
1204000 -2.60222
1205000 -2.23258
