# Time-averaged data for fix f_shear
# TimeStep v_shear_stress
206000 10.6631
207000 12.2492
208000 5.77029
209000 -3.06563
210000 2.34699
211000 -0.347433
212000 2.38606
213000 3.27813
214000 2.54957
215000 -2.47745
216000 1.57597
217000 1.49185
218000 -2.9018
219000 1.45219
220000 -0.342573
221000 0.956438
222000 0.259112
223000 1.69624
224000 1.16447
225000 0.455233
226000 4.74924
227000 -0.0979164
228000 2.49338
229000 2.07895
230000 3.23448
231000 1.96064
232000 0.833454
233000 0.338041
234000 0.652175
235000 -0.491567
236000 0.603161
237000 1.93878
238000 -0.608376
239000 5.05344
240000 0.833655
241000 1.6553
242000 1.77879
243000 0.263708
244000 2.09015
245000 2.9978
246000 2.11108
247000 2.17759
248000 -0.0119376
249000 2.24834
250000 -0.908318
251000 2.24323
252000 0.974037
253000 -0.836272
254000 -0.0274674
255000 0.661886
256000 2.17717
257000 3.09675
258000 1.69732
259000 -0.886059
260000 -1.54164
261000 0.827975
262000 -0.676079
263000 -1.61236
264000 1.26845
265000 -0.223969
266000 1.14394
267000 -0.912318
268000 -0.238837
269000 -2.63398
270000 -0.879173
271000 -1.00515
272000 -0.992609
273000 0.495039
274000 -0.676368
275000 -0.198479
276000 -1.60358
277000 0.871711
278000 0.245683
279000 1.2549
280000 0.580498
281000 1.40719
282000 1.98818
283000 3.87796
284000 0.111703
285000 -0.228952
286000 1.24201
287000 1.36356
288000 -0.0647443
289000 2.66151
290000 2.08445
291000 -0.45671
292000 0.534925
293000 0.256415
294000 -1.42569
295000 -1.36203
296000 -0.241441
297000 -0.405138
298000 -1.01694
299000 -1.76681
300000 -1.40498
301000 -0.804744
302000 -0.973307
303000 -1.88512
304000 -1.30785
305000 0.179976
306000 -0.660996
307000 0.794542
308000 -1.33055
309000 -1.85704
310000 -1.23752
311000 -4.72082
312000 0.650114
313000 -1.60939
314000 -2.08277
315000 -1.42431
316000 -1.29714
317000 -1.42703
318000 -1.8159
319000 0.474426
320000 1.00237
321000 1.19466
322000 -1.14121
323000 0.44316
324000 1.17815
325000 -1.45197
326000 -2.82981
327000 -1.7818
328000 -1.68806
329000 -0.204318
330000 -0.694156
331000 -0.190023
332000 0.359092
333000 -1.08177
334000 -2.02465
335000 -1.1609
336000 -1.76308
337000 -2.57429
338000 -1.7572
339000 -2.67697
340000 -4.4291
341000 -3.84269
342000 -2.77013
343000 -2.74905
344000 -2.61776
345000 -3.18125
346000 -1.89419
347000 -2.07092
348000 -1.9376
349000 -1.96979
350000 -2.69464
351000 -1.05572
352000 -1.5203
353000 0.313475
354000 -1.39282
355000 -1.21898
356000 -1.00843
357000 -2.79728
358000 -2.36113
359000 -4.07446
360000 -4.97168
361000 -2.32175
362000 -2.39333
363000 -2.26017
364000 -0.449979
365000 -1.75886
366000 0.056121
367000 -0.846979
368000 -0.568883
369000 0.252658
370000 -0.742855
371000 0.0605232
372000 -0.168139
373000 -1.43688
374000 -1.46709
375000 -1.1384
376000 -0.622384
377000 0.0862233
378000 1.11974
379000 1.71048
380000 0.697769
381000 -1.04517
382000 0.416354
383000 -0.71478
384000 -0.0111063
385000 -0.483868
386000 -1.32901
387000 2.14078
388000 -0.80738
389000 -0.0830298
390000 -0.489901
391000 -0.516016
392000 -2.49003
393000 -2.51475
394000 0.495044
395000 2.05404
396000 2.33069
397000 2.60722
398000 5.04223
399000 3.69629
400000 1.8619
401000 3.27527
402000 2.40376
403000 3.0905
404000 -1.48024
405000 -1.21602
406000 2.161
407000 1.60993
408000 3.23769
409000 0.694731
410000 -1.05956
411000 3.48914
412000 1.76801
413000 0.7939
414000 2.15811
415000 2.20629
416000 2.71229
417000 2.70858
418000 1.17396
419000 2.19356
420000 1.97447
421000 3.55573
422000 2.40738
423000 0.660697
424000 0.942626
425000 1.39711
426000 2.87994
427000 1.15944
428000 1.38508
429000 1.22839
430000 1.60192
431000 -0.787144
432000 1.61919
433000 -0.379134
434000 -0.835363
435000 -0.88819
436000 -0.898929
437000 -2.21481
438000 -1.21601
439000 -1.73566
440000 0.5161
441000 0.964177
442000 2.30982
443000 -0.528412
444000 -0.28525
445000 -0.633779
446000 0.411321
447000 -0.314461
448000 -0.42012
449000 2.53158
450000 0.519004
451000 2.98493
452000 2.29564
453000 0.766287
454000 2.01832
455000 0.280081
456000 0.603435
457000 -0.206275
458000 1.03775
459000 0.744679
460000 -2.04594
461000 -2.69787
462000 -0.864548
463000 -1.58527
464000 -0.814406
465000 -0.88942
466000 -0.443066
467000 0.473722
468000 1.48876
469000 0.0691257
470000 -0.0452378
471000 0.240184
472000 -1.34498
473000 1.19276
474000 -0.574973
475000 -0.479512
476000 1.60152
477000 0.137974
478000 1.13399
479000 0.353334
480000 1.44332
481000 0.777628
482000 0.600646
483000 -0.187245
484000 2.22288
485000 2.26896
486000 0.491111
487000 1.2962
488000 -1.15944
489000 -1.46846
490000 -3.70242
491000 -2.26112
492000 -1.63289
493000 -0.498502
494000 1.4289
495000 1.70411
496000 0.57957
497000 1.10556
498000 -1.41367
499000 -0.42937
500000 0.498118
501000 -1.41981
502000 0.431055
503000 2.14685
504000 -1.66471
505000 -2.04646
506000 -1.93029
507000 -0.406809
508000 0.182816
509000 -0.304977
510000 -0.770561
511000 0.23308
512000 0.520624
513000 0.230914
514000 1.14544
515000 -0.0723924
516000 2.12561
517000 3.25522
518000 -0.933502
519000 0.959928
520000 -0.606657
521000 -0.574182
522000 -0.254758
523000 -0.295561
524000 -0.325071
525000 -1.42564
526000 -1.84365
527000 -1.84402
528000 -2.33221
529000 -2.40951
530000 0.6959
531000 -1.32129
532000 -1.29788
533000 -1.34183
534000 -0.810691
535000 1.2462
536000 -1.77371
537000 0.796552
538000 -1.66552
539000 -0.239167
540000 0.45466
541000 0.813393
542000 -0.347884
543000 -3.42017
544000 0.557447
545000 1.17276
546000 1.56875
547000 -0.845375
548000 -0.361248
549000 1.70226
550000 0.452015
551000 -1.07596
552000 0.151162
553000 1.80722
554000 1.52267
555000 2.03496
556000 2.25766
557000 0.312034
558000 -0.113138
559000 2.18355
560000 0.910459
561000 0.367727
562000 -0.722784
563000 -0.298056
564000 -0.439693
565000 -1.78012
566000 -1.98791
567000 -0.284736
568000 0.321051
569000 0.259875
570000 0.675436
571000 -0.68377
572000 0.0478951
573000 2.14264
574000 -0.323576
575000 -0.161569
576000 -1.38868
577000 -0.465698
578000 0.942452
579000 0.265862
580000 -0.350175
581000 -0.222446
582000 -0.468313
583000 0.0915268
584000 1.4384
585000 -0.0800002
586000 0.854912
587000 3.16727
588000 2.07352
589000 0.967489
590000 -0.793383
591000 -0.52707
592000 0.0466612
593000 1.14329
594000 -0.635461
595000 -1.41793
596000 -1.69562
597000 0.219172
598000 -0.36272
599000 1.94003
600000 0.368826
601000 0.11952
602000 -1.79971
603000 -0.369687
604000 -0.676897
605000 -2.66639
606000 -1.45706
607000 -0.0951815
608000 -1.69128
609000 -1.10443
610000 0.334796
611000 -2.1988
612000 -0.746631
613000 2.53424
614000 -0.0787129
615000 -0.419546
616000 -0.918664
617000 0.0824963
618000 -0.339332
619000 -3.79076
620000 -0.891798
621000 -2.76738
622000 -1.38293
623000 -3.5115
624000 -0.559902
625000 -0.606395
626000 -1.33246
627000 -1.79652
628000 -3.13075
629000 -0.672296
630000 -2.40426
631000 -1.24244
632000 -2.85877
633000 -1.87589
634000 -1.31617
635000 -1.77698
636000 -0.357911
637000 -1.14269
638000 -1.54093
639000 -1.97001
640000 -3.48231
641000 -1.37471
642000 -3.4023
643000 -3.43282
644000 -1.93764
645000 0.309377
646000 -4.12361
647000 -3.26512
648000 -2.34556
649000 -2.12771
650000 1.00955
651000 -2.60234
652000 -0.40352
653000 -0.600503
654000 0.106885
655000 0.482207
656000 -0.805287
657000 -0.120925
658000 0.295037
659000 1.74067
660000 0.585825
661000 2.41433
662000 -0.373524
663000 -0.793518
664000 0.0610257
665000 1.10693
666000 -0.191121
667000 0.771523
668000 -1.05511
669000 0.0133848
670000 1.01466
671000 -0.775793
672000 0.0634187
673000 -0.0453
674000 -1.77674
675000 -0.484036
676000 -0.130424
677000 1.00307
678000 -0.484526
679000 2.53825
680000 0.912305
681000 0.423837
682000 -0.342476
683000 -0.300642
684000 -0.10235
685000 2.82811
686000 2.48839
687000 1.69058
688000 1.75398
689000 1.81289
690000 1.66339
691000 2.05344
692000 0.445949
693000 1.56778
694000 -1.20232
695000 -0.907964
696000 0.803693
697000 4.27301
698000 1.65042
699000 1.67784
700000 2.62155
701000 0.873329
702000 1.52543
703000 1.01657
704000 3.869
705000 -0.913642
706000 -0.318684
707000 1.67729
708000 0.702733
709000 1.62572
710000 1.22147
711000 2.22711
712000 1.85546
713000 2.14238
714000 -0.0514894
715000 -0.407607
716000 -0.438256
717000 3.21747
718000 1.98988
719000 2.45479
720000 0.970534
721000 0.173929
722000 -0.743585
723000 1.78958
724000 1.97119
725000 1.01519
726000 1.59958
727000 1.7064
728000 2.5413
729000 0.560837
730000 1.28629
731000 3.07552
732000 1.61715
733000 2.55998
734000 2.01599
735000 0.401252
736000 2.15138
737000 1.34393
738000 0.255648
739000 -0.420362
740000 1.92899
741000 2.63768
742000 1.55113
743000 0.157778
744000 -0.294821
745000 -1.17354
746000 -1.20623
747000 1.73519
748000 -0.703144
749000 0.482219
750000 0.837361
751000 0.555969
752000 2.06421
753000 1.13362
754000 0.912774
755000 -0.0788965
756000 3.03359
757000 1.27049
758000 1.78013
759000 3.69658
760000 2.24363
761000 0.558377
762000 -0.700946
763000 -0.110256
764000 -0.654877
765000 2.34057
766000 3.22121
767000 0.281309
768000 -2.16667
769000 0.436824
770000 -0.320742
771000 -0.26373
772000 -0.251348
773000 0.211101
774000 0.567462
775000 0.513628
776000 -0.262224
777000 -0.483613
778000 0.833217
779000 2.19517
780000 -0.361417
781000 -0.152386
782000 1.47317
783000 2.36161
784000 -0.0116661
785000 1.002
786000 1.65143
787000 2.20016
788000 1.39113
789000 1.30446
790000 1.07133
791000 1.04944
792000 1.76406
793000 2.37709
794000 4.53119
795000 1.34305
796000 0.493886
797000 3.19879
798000 0.520677
799000 1.91442
800000 1.03933
801000 1.03558
802000 0.780458
803000 1.39878
804000 2.45625
805000 1.47889
806000 1.69019
807000 1.26245
808000 -1.07882
809000 -0.170896
810000 2.27943
811000 3.69064
812000 2.73696
813000 1.32336
814000 2.22121
815000 2.83564
816000 1.77574
817000 2.09372
818000 2.47691
819000 0.701704
820000 2.8681
821000 1.19829
822000 1.51328
823000 2.4038
824000 1.17183
825000 -0.465959
826000 0.667378
827000 0.127357
828000 1.03341
829000 1.84784
830000 2.74552
831000 2.14937
832000 1.34691
833000 1.60317
834000 1.54002
835000 3.05802
836000 1.72187
837000 2.77245
838000 1.25133
839000 1.31875
840000 2.37136
841000 3.05653
842000 2.98
843000 1.49295
844000 0.80327
845000 2.67114
846000 1.65846
847000 1.20828
848000 1.49881
849000 -0.0903204
850000 -0.0801083
851000 1.22133
852000 1.21649
853000 0.0429707
854000 0.25802
855000 1.95577
856000 0.385241
857000 0.191857
858000 0.408055
859000 1.78546
860000 0.138881
861000 -0.655952
862000 0.551733
863000 1.27724
864000 0.00806063
865000 -1.15715
866000 1.269
867000 0.42559
868000 -0.5417
869000 -0.305199
870000 1.09363
871000 0.0429518
872000 -2.02834
873000 0.448161
874000 0.537976
875000 -0.945552
876000 -1.26023
877000 -0.649541
878000 -2.08031
879000 0.88668
880000 1.10319
881000 1.03028
882000 -1.1106
883000 -0.0852485
884000 -2.17599
885000 0.0563772
886000 -0.0443552
887000 0.898841
888000 0.661684
889000 0.158054
890000 1.32578
891000 1.80587
892000 0.522404
893000 2.48205
894000 -2.14674
895000 -0.861983
896000 1.71432
897000 2.80571
898000 -0.163823
899000 0.0165239
900000 -1.13991
901000 1.41729
902000 1.72729
903000 -1.43287
904000 -0.67712
905000 0.422784
906000 -0.82266
907000 2.03198
908000 0.419325
909000 2.43598
910000 3.95901
911000 2.51048
912000 1.21767
913000 1.20641
914000 0.647773
915000 0.0587935
916000 2.2846
917000 3.14106
918000 2.69369
919000 -0.623227
920000 0.266145
921000 0.778944
922000 2.40263
923000 0.330255
924000 0.518529
925000 1.38149
926000 1.524
927000 1.76699
928000 1.59129
929000 0.213675
930000 1.10324
931000 0.579135
932000 -1.85939
933000 2.53775
934000 1.31314
935000 1.85424
936000 -1.18994
937000 2.25278
938000 3.21345
939000 2.88819
940000 4.43767
941000 2.29903
942000 2.76205
943000 2.15978
944000 0.69653
945000 1.02357
946000 -1.48232
947000 1.28973
948000 0.603588
949000 0.678634
950000 1.56777
951000 1.04079
952000 1.26088
953000 2.04951
954000 0.593069
955000 -0.304347
956000 2.04464
957000 -0.51074
958000 -0.00434359
959000 0.194642
960000 1.07637
961000 0.388896
962000 -0.862188
963000 0.641511
964000 1.84034
965000 2.20785
966000 0.707304
967000 0.736709
968000 -0.572189
969000 1.82022
970000 -0.448292
971000 -0.671616
972000 -0.333939
973000 0.209771
974000 0.292625
975000 0.119725
976000 1.76496
977000 1.06311
978000 1.48508
979000 1.1448
980000 1.30362
981000 1.82474
982000 2.01204
983000 1.08805
984000 -1.44177
985000 -1.41922
986000 0.365716
987000 1.87754
988000 -0.19921
989000 2.82461
990000 -0.530994
991000 0.574389
992000 0.237934
993000 0.633461
994000 1.23596
995000 0.0129929
996000 -0.0437094
997000 1.34644
998000 1.07854
999000 -0.184626
1000000 -1.2851
1001000 -1.72528
1002000 -2.16229
1003000 1.5995
1004000 -0.00121498
1005000 0.739402
1006000 1.44211
1007000 0.34735
1008000 3.10067
1009000 1.18187
1010000 0.204491
1011000 1.18668
1012000 0.774187
1013000 0.3353
1014000 1.97206
1015000 1.53462
1016000 1.96511
1017000 2.97463
1018000 1.47972
1019000 0.102178
1020000 3.35078
1021000 2.92921
1022000 2.25743
1023000 2.5609
1024000 1.90316
1025000 0.354549
1026000 0.412066
1027000 -0.00159857
1028000 1.20563
1029000 1.07813
1030000 2.43771
1031000 0.0561738
1032000 1.13808
1033000 1.34991
1034000 1.0702
1035000 1.92127
1036000 1.40795
1037000 1.36143
1038000 0.885496
1039000 0.78523
1040000 -0.39669
1041000 0.470524
1042000 2.49605
1043000 1.0482
1044000 -0.515711
1045000 0.762655
1046000 -0.217999
1047000 0.698438
1048000 -1.41575
1049000 -0.436164
1050000 1.94118
1051000 1.52434
1052000 -0.0748396
1053000 -0.912988
1054000 0.873819
1055000 1.09492
1056000 -0.9855
1057000 -1.23817
1058000 -0.740505
1059000 -0.668702
1060000 -2.44427
1061000 1.67107
1062000 -1.40759
1063000 -0.214851
1064000 0.375016
1065000 1.62279
1066000 2.59695
1067000 -0.442216
1068000 -0.4188
1069000 -1.85436
1070000 -1.19183
1071000 -0.291665
1072000 -1.03858
1073000 0.433937
1074000 -1.02084
1075000 -1.07676
1076000 0.178074
1077000 1.07896
1078000 0.256564
1079000 3.49026
1080000 -0.16318
1081000 0.349655
1082000 -0.332019
1083000 -0.28819
1084000 0.88561
1085000 0.147749
1086000 1.39225
1087000 1.08801
1088000 -0.989764
1089000 1.00602
1090000 1.14735
1091000 -1.54527
1092000 0.0326193
1093000 0.444526
1094000 0.000361474
1095000 0.312737
1096000 -0.281922
1097000 -0.749603
1098000 1.17285
1099000 -0.413162
1100000 -0.189509
1101000 2.1571
1102000 0.193252
1103000 0.42419
1104000 1.46307
1105000 -0.355551
1106000 -0.758516
1107000 -0.952562
1108000 -1.31925
1109000 -1.76258
1110000 1.94446
1111000 0.298404
1112000 1.59203
1113000 -0.820655
1114000 -0.807895
1115000 2.33647
1116000 -1.6775
1117000 -0.192246
1118000 1.2305
1119000 0.237222
1120000 -0.533078
1121000 2.69858
1122000 2.03187
1123000 1.6937
1124000 -0.808487
1125000 -1.68758
1126000 0.117256
1127000 1.20783
1128000 -0.63601
1129000 0.137892
1130000 -2.14555
1131000 -0.953625
1132000 -1.16007
1133000 -1.57244
1134000 -1.28979
1135000 -2.21205
1136000 0.262348
1137000 1.24539
1138000 -0.872701
1139000 -1.335
1140000 -0.424852
1141000 0.285874
1142000 2.03773
1143000 0.368208
1144000 0.6388
1145000 1.76779
1146000 0.548448
1147000 0.227796
1148000 1.27816
1149000 -0.544043
1150000 2.10893
1151000 0.503565
1152000 1.56653
1153000 0.166093
1154000 0.691576
1155000 0.633485
1156000 1.80673
1157000 0.970289
1158000 1.8163
1159000 0.327139
1160000 -0.430284
1161000 -1.32522
1162000 -0.355899
1163000 -0.329143
1164000 1.87731
1165000 -1.98243
1166000 1.0208
1167000 0.557695
1168000 3.04952
1169000 0.173636
1170000 -0.626805
1171000 -0.924297
1172000 1.69418
1173000 0.470195
1174000 -0.593304
1175000 0.507229
1176000 0.276023
1177000 0.305561
1178000 -0.38225
1179000 -0.128529
1180000 -1.14955
1181000 0.98409
1182000 1.0046
1183000 -0.957559
1184000 0.66521
1185000 0.865476
1186000 -1.30032
1187000 0.371101
1188000 0.196496
1189000 -0.328001
1190000 -1.35472
1191000 -0.386687
1192000 1.11475
1193000 1.46849
1194000 1.87894
1195000 3.13108
1196000 -0.14102
1197000 -0.604764
1198000 0.351578
1199000 1.76513
1200000 0.711873
1201000 2.27357
1202000 0.427953
1203000 1.78505
1204000 -0.48456
1205000 2.90339
