# Time-averaged data for fix f_shear
# TimeStep v_shear_stress
206000 -6.51957
207000 0.171189
208000 -2.35858
209000 -3.89501
210000 -2.47866
211000 -0.986601
212000 -2.63088
213000 -5.02674
214000 -0.31699
215000 -0.710053
216000 0.0961534
217000 -3.049
218000 -3.74288
219000 -2.23149
220000 -1.24631
221000 -0.737114
222000 -3.00559
223000 -0.137599
224000 -0.967089
225000 -1.68519
226000 -1.80232
227000 -1.99898
228000 -1.2741
229000 -2.63855
230000 -3.17683
231000 -4.27367
232000 -0.118777
233000 -0.990028
234000 -2.99095
235000 -0.862366
236000 -2.14948
237000 -3.58505
238000 -1.7048
239000 -3.0839
240000 -4.02167
241000 -3.92706
242000 -1.65719
243000 -2.8428
244000 -2.7938
245000 -6.2528
246000 -2.88565
247000 -2.26771
248000 -5.20533
249000 -5.76891
250000 -3.54964
251000 -1.93264
252000 -0.965701
253000 -1.63038
254000 -2.7971
255000 -2.42557
256000 -1.24753
257000 -1.47025
258000 -1.25382
259000 -4.07178
260000 -3.64912
261000 -1.42456
262000 -3.77542
263000 -5.07137
264000 -3.73653
265000 -1.73089
266000 -3.49071
267000 1.63902
268000 1.71398
269000 1.12101
270000 1.7734
271000 1.51703
272000 -0.551838
273000 0.294349
274000 0.234301
275000 0.965142
276000 1.27385
277000 -0.277866
278000 -0.266555
279000 -0.120734
280000 0.267589
281000 1.03073
282000 -2.13075
283000 -1.19579
284000 -0.488157
285000 1.99265
286000 -0.256582
287000 0.731816
288000 -0.223265
289000 0.0277869
290000 0.527587
291000 1.61328
292000 -2.06529
293000 -2.58192
294000 2.72477
295000 2.49881
296000 -0.40496
297000 1.08565
298000 -0.73667
299000 -1.42601
300000 -0.209063
301000 3.60422
302000 2.15597
303000 -0.152101
304000 2.11726
305000 0.688014
306000 0.858933
307000 2.0638
308000 3.42794
309000 1.18693
310000 3.69656
311000 3.48289
312000 3.38553
313000 0.983636
314000 2.96884
315000 2.52815
316000 0.0157998
317000 3.88132
318000 1.97651
319000 1.51881
320000 1.58684
321000 1.29585
322000 1.98129
323000 2.33511
324000 1.42047
325000 2.54397
326000 4.12263
327000 1.34091
328000 4.73613
329000 3.84487
330000 1.76587
331000 -0.173303
332000 2.87537
333000 1.89009
334000 -0.957904
335000 1.37445
336000 -0.595577
337000 2.70612
338000 4.74613
339000 4.00623
340000 4.63415
341000 4.15747
342000 3.03436
343000 5.05637
344000 2.66072
345000 4.20889
346000 2.92044
347000 6.58113
348000 4.83131
349000 6.18617
350000 2.91498
351000 3.23209
352000 2.4918
353000 1.77149
354000 1.70761
355000 0.547703
356000 1.81748
357000 2.29433
358000 3.41903
359000 3.01913
360000 -0.777948
361000 1.87897
362000 0.165665
363000 -0.621287
364000 1.42678
365000 0.00834358
366000 -2.65771
367000 -3.07803
368000 -0.126107
369000 2.50392
370000 1.58696
371000 1.08226
372000 2.23012
373000 1.41638
374000 3.30295
375000 -1.05121
376000 1.70038
377000 2.01251
378000 0.429707
379000 2.65685
380000 -0.255491
381000 -1.78303
382000 -0.485879
383000 -0.838335
384000 -3.17922
385000 -3.88966
386000 -1.94518
387000 -2.5729
388000 -0.320604
389000 -1.69406
390000 -1.11471
391000 -0.120597
392000 -0.12827
393000 -1.57681
394000 -3.7837
395000 -0.685618
396000 -0.60136
397000 -0.330081
398000 -0.659232
399000 -1.85548
400000 -2.47743
401000 -5.11879
402000 -4.40115
403000 -6.24665
404000 -6.5032
405000 -5.94698
406000 -4.27626
407000 -5.66051
408000 -3.58931
409000 -2.32414
410000 -4.23617
411000 -4.05784
412000 -4.7892
413000 -5.88668
414000 -4.89099
415000 -5.18471
416000 -5.63937
417000 -4.15013
418000 -1.66438
419000 -1.27142
420000 -4.61073
421000 -1.85901
422000 -5.39543
423000 -4.70472
424000 -3.3349
425000 -4.08789
426000 -7.08499
427000 -7.41809
428000 -5.27007
429000 -3.92513
430000 -4.04918
431000 -8.16747
432000 -5.92571
433000 -6.11577
434000 -5.67005
435000 -2.99216
436000 -3.10575
437000 -5.00992
438000 -4.68826
439000 -6.26648
440000 -4.09305
441000 -4.4048
442000 -6.95919
443000 -5.94234
444000 -3.80258
445000 0.132825
446000 -1.93245
447000 -3.82267
448000 -2.98447
449000 -3.49223
450000 -1.37889
451000 0.13686
452000 -2.36944
453000 0.174633
454000 -3.09335
455000 -6.12179
456000 -6.62355
457000 -6.28869
458000 -3.01677
459000 -0.451899
460000 -5.3716
461000 -5.53221
462000 -5.29757
463000 -4.36775
464000 -5.00399
465000 -3.42269
466000 -7.29589
467000 -6.16494
468000 -7.44759
469000 -6.28293
470000 -4.25177
471000 -6.01542
472000 -2.04479
473000 -2.76108
474000 -3.7647
475000 -4.65645
476000 -2.02129
477000 -3.12577
478000 -2.86282
479000 -5.09971
480000 -2.18698
481000 -3.84237
482000 -7.05751
483000 -4.56025
484000 -3.09094
485000 -4.09896
486000 -5.09729
487000 -5.31068
488000 -7.2895
489000 -3.65393
490000 -4.75248
491000 -3.35933
492000 -3.30897
493000 -4.71815
494000 -3.92007
495000 -4.52963
496000 -2.42652
497000 -5.16739
498000 -2.92537
499000 -5.30676
500000 -5.27578
501000 -4.52358
502000 -1.77888
503000 -2.10343
504000 -3.57038
505000 -2.08048
506000 -0.425888
507000 -3.65266
508000 -3.65861
509000 -3.96027
510000 -4.02007
511000 -2.48668
512000 -4.56592
513000 -4.1579
514000 -2.90116
515000 -3.55297
516000 -2.88922
517000 -2.98524
518000 -3.4868
519000 -5.00179
520000 -3.91931
521000 -2.75821
522000 -6.11537
523000 -5.83773
524000 -5.95003
525000 -5.11568
526000 -6.26554
527000 -4.46374
528000 -4.64618
529000 -4.92208
530000 -7.23932
531000 -3.9171
532000 -3.96938
533000 -4.4717
534000 -6.33518
535000 -3.5491
536000 -7.54964
537000 -5.69986
538000 -8.04255
539000 -10.6647
540000 -7.09481
541000 -7.37909
542000 -5.87787
543000 -5.93084
544000 -5.4788
545000 -4.31488
546000 -6.62045
547000 -4.73894
548000 -5.95943
549000 -6.56669
550000 -4.21038
551000 -4.96465
552000 -5.21262
553000 -6.39905
554000 -5.91795
555000 -7.86307
556000 -6.94238
557000 -4.48505
558000 -5.08861
559000 -2.0063
560000 -2.61495
561000 -3.44322
562000 -5.39113
563000 -4.95271
564000 -4.18709
565000 -4.35474
566000 -7.63594
567000 -5.09688
568000 -5.27166
569000 -3.8574
570000 -1.64872
571000 0.382269
572000 -0.250327
573000 -0.67009
574000 -1.67495
575000 -0.128042
576000 -3.28136
577000 -5.05144
578000 -4.05999
579000 -8.11209
580000 -6.68575
581000 -5.68039
582000 -4.10076
583000 -4.84227
584000 -4.19051
585000 -6.03299
586000 -4.82108
587000 -2.51513
588000 -2.42745
589000 -2.29363
590000 -2.5036
591000 -2.32758
592000 -3.69019
593000 -3.38601
594000 -2.54784
595000 -4.02417
596000 -4.41253
597000 -4.45389
598000 -4.71693
599000 -4.30763
600000 -3.12353
601000 -1.62419
602000 -3.22387
603000 -4.32317
604000 -1.8851
605000 -0.545977
606000 -2.41951
607000 -1.70435
608000 -1.38249
609000 -1.86967
610000 -2.38463
611000 -3.85582
612000 -0.930864
613000 -0.542164
614000 -0.766561
615000 -0.150307
616000 -2.94972
617000 -3.05482
618000 -0.932845
619000 -1.43668
620000 0.542518
621000 -2.20465
622000 -4.06373
623000 -3.33536
624000 -5.36243
625000 -4.004
626000 -2.78156
627000 -3.00401
628000 -2.25907
629000 -1.33115
630000 -1.30995
631000 -4.44686
632000 -3.01827
633000 -0.69496
634000 0.810504
635000 -0.0673225
636000 -2.79079
637000 -2.98621
638000 -3.45162
639000 -1.45941
640000 -1.98662
641000 -3.68225
642000 -5.48529
643000 -3.31941
644000 -5.42125
645000 -3.86761
646000 -3.53362
647000 -2.80476
648000 -3.61245
649000 -5.59332
650000 -4.64818
651000 -1.79412
652000 -3.69042
653000 -3.49565
654000 -5.52995
655000 -6.12177
656000 -5.68847
657000 -4.75693
658000 -4.50666
659000 -4.91044
660000 -5.41083
661000 -7.08777
662000 -4.31727
663000 -4.29259
664000 -4.92198
665000 -4.81651
666000 -6.97541
667000 -4.89718
668000 -8.23122
669000 -6.90104
670000 -3.19862
671000 -6.95872
672000 -6.81903
673000 -5.87636
674000 -7.03626
675000 -3.94703
676000 -4.5236
677000 -3.43374
678000 -4.46844
679000 -2.81745
680000 -3.11054
681000 -3.41519
682000 -2.58761
683000 -2.99234
684000 -5.00306
685000 -5.33636
686000 -3.88183
687000 -4.28855
688000 -2.66029
689000 -3.9215
690000 -4.51199
691000 -2.32483
692000 -3.02863
693000 -3.55214
694000 -3.59872
695000 -5.16128
696000 -1.86213
697000 -1.96825
698000 -3.64132
699000 -2.18245
700000 -3.18051
701000 -3.90377
702000 -3.05128
703000 -2.17801
704000 -5.78797
705000 -4.56348
706000 -5.03395
707000 -3.71091
708000 -3.03901
709000 -4.2702
710000 -4.71315
711000 -2.8166
712000 -3.28965
713000 -4.78992
714000 -5.67832
715000 -1.97874
716000 -1.85975
717000 -4.1004
718000 -4.6002
719000 -3.09655
720000 -3.08721
721000 -6.14488
722000 -5.38146
723000 -5.56557
724000 -6.87476
725000 -5.76797
726000 -5.37935
727000 -4.70085
728000 -5.68936
729000 -5.93418
730000 -4.69609
731000 -6.68369
732000 -7.98671
733000 -5.1008
734000 -6.98968
735000 -6.56955
736000 -4.20644
737000 -4.53537
738000 -6.47632
739000 -5.74169
740000 -5.62958
741000 -5.95086
742000 -4.64703
743000 -3.82684
744000 -4.81308
745000 -4.66151
746000 -5.18647
747000 -3.51433
748000 -6.29848
749000 -6.88741
750000 -5.11907
751000 -4.64855
752000 -4.73256
753000 -3.39109
754000 -0.579411
755000 -3.90452
756000 -4.70727
757000 -6.01261
758000 -2.84044
759000 -3.64867
760000 -2.12438
761000 -2.60983
762000 -1.61756
763000 -4.31136
764000 -2.8631
765000 -2.70159
766000 -2.38235
767000 -1.92089
768000 -0.503329
769000 0.262776
770000 1.26895
771000 -0.863115
772000 -2.45033
773000 -3.65105
774000 -1.48447
775000 -2.22343
776000 -1.49629
777000 -3.60061
778000 -4.19268
779000 -3.4724
780000 -4.79066
781000 -2.0021
782000 -1.68251
783000 -1.94543
784000 -2.13375
785000 -2.16972
786000 -2.17778
787000 -5.55175
788000 -3.26299
789000 -4.46058
790000 -4.45759
791000 -4.11768
792000 -3.98834
793000 -5.13646
794000 -5.44255
795000 -3.40245
796000 -2.28835
797000 -3.87331
798000 -3.77895
799000 -5.59588
800000 -1.9646
801000 -3.18376
802000 -5.41824
803000 -4.31632
804000 -5.49095
805000 -6.91654
806000 -5.56647
807000 -5.01929
808000 -5.90858
809000 -7.43594
810000 -7.69869
811000 -6.33411
812000 -7.50294
813000 -6.1403
814000 -9.19245
815000 -6.59757
816000 -9.16389
817000 -8.9123
818000 -7.08719
819000 -5.88012
820000 -6.60991
821000 -6.62696
822000 -5.01426
823000 -5.36775
824000 -6.28792
825000 -6.17498
826000 -6.47886
827000 -6.15431
828000 -8.93463
829000 -9.82693
830000 -5.74175
831000 -9.19821
832000 -10.8064
833000 -11.953
834000 -10.8372
835000 -12.6914
836000 -12.9848
837000 -11.9933
838000 -13.231
839000 -10.4572
840000 -8.82764
841000 -10.1166
842000 -7.99136
843000 -7.84178
844000 -9.4039
845000 -6.16708
846000 -6.25975
847000 -6.69732
848000 -7.66344
849000 -5.35205
850000 -6.14382
851000 -4.81267
852000 -5.36496
853000 -5.86088
854000 -6.56909
855000 -5.92247
856000 -5.1349
857000 -5.03765
858000 -5.54702
859000 -6.10526
860000 -4.66487
861000 -6.28784
862000 -3.91274
863000 -5.67465
864000 -5.5617
865000 -6.00195
866000 -4.63447
867000 -9.03414
868000 -6.12871
869000 -5.11033
870000 -7.12999
871000 -5.62462
872000 -3.82274
873000 -4.46873
874000 -3.41604
875000 -2.57276
876000 -2.3739
877000 -1.75009
878000 -3.07131
879000 -1.56678
880000 -2.00297
881000 -0.457564
882000 -2.19041
883000 -1.6495
884000 -1.84058
885000 -2.75344
886000 -2.48493
887000 -3.53727
888000 0.302955
889000 -1.32389
890000 -1.26095
891000 -2.37082
892000 0.593648
893000 -1.10032
894000 -1.60768
895000 -3.55917
896000 -0.710407
897000 -2.99906
898000 -3.17652
899000 -1.19247
900000 1.78278
901000 1.35477
902000 0.449563
903000 -0.935121
904000 0.846316
905000 2.54603
906000 0.897644
907000 3.39898
908000 0.231967
909000 1.43759
910000 0.245072
911000 -1.91042
912000 0.268169
913000 -2.50109
914000 -2.8829
915000 -2.62041
916000 -2.22156
917000 -4.79648
918000 -2.56967
919000 -0.208477
920000 0.115623
921000 0.267533
922000 -0.995068
923000 -1.31775
924000 0.492377
925000 -3.1546
926000 -2.19894
927000 -0.669385
928000 -3.5459
929000 -2.73876
930000 -5.48142
931000 -3.17298
932000 -3.22187
933000 -4.93247
934000 -5.07777
935000 -3.26832
936000 -4.03449
937000 -2.03488
938000 -4.39015
939000 -6.61179
940000 -6.64445
941000 -3.67203
942000 -1.37617
943000 -4.51364
944000 -5.34341
945000 -2.65864
946000 -2.3448
947000 -2.86389
948000 -3.64452
949000 -0.71554
950000 -3.59147
951000 -5.04445
952000 -2.84934
953000 -2.39519
954000 -4.14587
955000 -2.84525
956000 -6.13925
957000 -7.17761
958000 -6.11616
959000 -4.53841
960000 -5.51867
961000 -5.36397
962000 -0.815264
963000 -2.78218
964000 -7.05451
965000 -4.87032
966000 -5.05743
967000 -4.41038
968000 -3.2548
969000 -4.14276
970000 -0.777033
971000 -3.06521
972000 -3.40015
973000 -3.74795
974000 -3.29369
975000 -4.82253
976000 -2.68196
977000 -4.32996
978000 -2.83753
979000 -4.18747
980000 -3.16625
981000 -3.51467
982000 -2.57618
983000 -3.5351
984000 -3.03986
985000 -5.81557
986000 -5.35368
987000 -7.37764
988000 -5.76616
989000 -3.55745
990000 -2.02804
991000 -1.28326
992000 -3.93525
993000 -5.36236
994000 -4.95263
995000 -2.68849
996000 -2.22918
997000 -2.72778
998000 -4.88723
999000 -4.96944
1000000 -5.06031
1001000 -3.92818
1002000 -3.20728
1003000 -0.907964
1004000 -3.29852
1005000 -5.06616
1006000 -2.65175
1007000 -3.99621
1008000 -6.0734
1009000 -4.18706
1010000 -5.97719
1011000 -4.40884
1012000 -4.70552
1013000 -6.95265
1014000 -7.67411
1015000 -5.48
1016000 -4.38888
1017000 -5.93406
1018000 -5.22467
1019000 -5.93085
1020000 -5.8219
1021000 -4.21083
1022000 -7.56697
1023000 -4.58076
1024000 -4.16949
1025000 -4.09121
1026000 -6.61151
1027000 -4.67177
1028000 -3.84319
1029000 -5.54103
1030000 -4.12129
1031000 -8.24732
1032000 -4.09178
1033000 -4.11151
1034000 -4.9503
1035000 -4.52124
1036000 -3.58164
1037000 -1.1068
1038000 -6.6116
1039000 -5.09369
1040000 -3.19161
1041000 -3.82443
1042000 -4.83913
1043000 -3.82102
1044000 -4.37992
1045000 -5.56841
1046000 -6.35499
1047000 -7.13939
1048000 -5.50451
1049000 -5.11267
1050000 -3.75799
1051000 -6.05745
1052000 -4.60707
1053000 -4.50467
1054000 -4.89578
1055000 -4.27572
1056000 -6.08574
1057000 -4.82468
1058000 -5.05047
1059000 -5.0993
1060000 -5.09119
1061000 -4.41965
1062000 -3.55415
1063000 -4.65862
1064000 -3.63989
1065000 -6.00431
1066000 -4.13615
1067000 -1.85518
1068000 -2.78105
1069000 -3.16776
1070000 -3.47246
1071000 -2.34625
1072000 -3.39625
1073000 -5.89425
1074000 -2.57809
1075000 -6.31084
1076000 -5.01035
1077000 -4.81715
1078000 -5.51824
1079000 -7.506
1080000 -5.00461
1081000 -4.02801
1082000 -5.28238
1083000 -2.93889
1084000 -3.70863
1085000 -1.99445
1086000 -1.96647
1087000 -3.10732
1088000 -2.8403
1089000 -3.22413
1090000 -5.96525
1091000 -3.73363
1092000 -3.332
1093000 -4.71704
1094000 -2.69367
1095000 -4.45558
1096000 -3.52858
1097000 -3.14087
1098000 -3.55111
1099000 -2.9098
1100000 -4.18542
1101000 -1.11865
1102000 -1.43794
1103000 -1.69652
1104000 -3.33737
1105000 -2.49495
1106000 -3.1523
1107000 -1.08486
1108000 -2.00085
1109000 -2.42714
1110000 0.253356
1111000 -3.6875
1112000 -3.26032
1113000 -1.43583
1114000 -2.91815
1115000 -1.69731
1116000 0.477771
1117000 -2.51808
1118000 -3.88906
1119000 -1.98711
1120000 -1.34662
1121000 -0.855109
1122000 -1.71718
1123000 -2.22124
1124000 -0.201049
1125000 -0.82735
1126000 -2.78182
1127000 -2.46997
1128000 -2.37353
1129000 -2.1353
1130000 -2.23379
1131000 0.307404
1132000 -0.399462
1133000 -0.167833
1134000 -0.821094
1135000 0.566064
1136000 -0.109913
1137000 -0.00835361
1138000 -3.39718
1139000 -0.295155
1140000 -1.1238
1141000 0.757494
1142000 -0.592197
1143000 -0.349645
1144000 -3.03863
1145000 -1.39774
1146000 0.802038
1147000 -2.94013
1148000 0.0773909
1149000 -0.0633521
1150000 -1.93722
1151000 -0.747069
1152000 -2.91473
1153000 0.708152
1154000 0.828956
1155000 -2.61915
1156000 -3.96895
1157000 -3.58796
1158000 -3.18765
1159000 -1.94422
1160000 0.256641
1161000 -2.47672
1162000 -1.24157
1163000 -2.73567
1164000 -1.9683
1165000 -1.39824
1166000 -2.77964
1167000 -0.658718
1168000 0.437629
1169000 0.00256396
1170000 -0.812634
1171000 -0.987575
1172000 -2.18433
1173000 -2.90842
1174000 -0.461435
1175000 -3.20587
1176000 -5.47404
1177000 -4.48684
1178000 -4.56599
1179000 0.641378
1180000 -1.21272
1181000 1.78895
1182000 2.42928
1183000 -1.78666
1184000 -2.71055
1185000 -0.524969
1186000 -0.896125
1187000 -0.0196001
1188000 -0.718179
1189000 -2.70422
1190000 -2.54286
1191000 -1.72663
1192000 -1.34813
1193000 -2.92363
1194000 -3.40614
1195000 -1.9912
1196000 -3.28735
1197000 -4.0719
1198000 -5.22637
1199000 -3.24892
1200000 -2.76342
1201000 -4.37419
1202000 -2.58485
1203000 -5.19225
1204000 -4.29553
1205000 -1.8963
