# Time-averaged data for fix f_shear
# TimeStep v_shear_stress
206000 -9.45916
207000 -0.346659
208000 -1.61047
209000 -0.755819
210000 -0.329406
211000 -0.347116
212000 0.302896
213000 0.33392
214000 0.146344
215000 0.365632
216000 -0.814284
217000 -0.682017
218000 -1.20644
219000 -0.733473
220000 0.413549
221000 -0.686712
222000 -0.684967
223000 -0.475204
224000 -2.05948
225000 -1.85467
226000 -0.701169
227000 -0.00767544
228000 0.164706
229000 -0.0958402
230000 -0.714836
231000 -1.33054
232000 -1.92381
233000 -0.93735
234000 0.859825
235000 2.04076
236000 1.29704
237000 1.82212
238000 1.03763
239000 -0.0563685
240000 0.249741
241000 -0.713715
242000 -0.47929
243000 -0.0375582
244000 -0.229743
245000 0.11754
246000 0.428184
247000 -0.631628
248000 -1.05205
249000 -0.0670126
250000 0.52295
251000 -0.863503
252000 -1.09762
253000 -0.350462
254000 -1.77104
255000 -0.358076
256000 0.251495
257000 2.23271
258000 0.0888326
259000 1.53827
260000 0.129801
261000 0.260458
262000 -0.0019611
263000 -0.0739762
264000 0.717326
265000 1.15725
266000 0.892584
267000 0.395967
268000 -0.638629
269000 -2.09755
270000 -1.20068
271000 -0.83963
272000 -0.269537
273000 -0.275792
274000 -1.09355
275000 -0.989221
276000 -1.06405
277000 -0.436191
278000 -0.557391
279000 -0.417018
280000 0.794671
281000 0.871779
282000 0.393442
283000 -0.0659925
284000 -0.199139
285000 -0.406798
286000 -1.40276
287000 -2.6467
288000 -2.22893
289000 -1.46394
290000 -1.36828
291000 -1.18204
292000 -1.2409
293000 -1.20582
294000 -0.906722
295000 -0.926992
296000 -1.84546
297000 -2.01344
298000 -1.51497
299000 -0.804193
300000 -0.717216
301000 -1.32962
302000 -1.05455
303000 -0.597725
304000 -0.295829
305000 -0.9584
306000 -2.09992
307000 -2.26017
308000 -2.96886
309000 -2.90171
310000 -2.47274
311000 -1.21468
312000 0.244895
313000 -1.18968
314000 -2.22825
315000 -3.18779
316000 -4.23142
317000 -3.559
318000 -3.36879
319000 -2.3994
320000 -3.27554
321000 -3.47378
322000 -3.00225
323000 -5.2411
324000 -4.99055
325000 -4.50759
326000 -4.68866
327000 -3.99976
328000 -2.92536
329000 -2.831
330000 -3.62933
331000 -3.46449
332000 -4.01428
333000 -5.23314
334000 -5.77452
335000 -5.49354
336000 -4.83972
337000 -5.77636
338000 -6.92865
339000 -6.32711
340000 -6.30813
341000 -5.25865
342000 -6.33686
343000 -7.56965
344000 -7.18096
345000 -6.39136
346000 -6.11268
347000 -6.57674
348000 -6.23525
349000 -6.8769
350000 -7.26845
351000 -6.70795
352000 -5.90437
353000 -5.99247
354000 -4.81025
355000 -4.62309
356000 -4.08414
357000 -3.29187
358000 -4.09369
359000 -5.70178
360000 -6.79471
361000 -7.42213
362000 -7.61526
363000 -7.42908
364000 -6.07394
365000 -4.99311
366000 -5.56712
367000 -5.77922
368000 -6.56864
369000 -5.79707
370000 -5.07922
371000 -4.04843
372000 -4.51619
373000 -5.62263
374000 -4.73636
375000 -3.96735
376000 -3.03704
377000 -2.10133
378000 -2.41716
379000 -3.26732
380000 -4.27108
381000 -5.19397
382000 -4.05549
383000 -3.30833
384000 -3.64446
385000 -3.62901
386000 -4.45658
387000 -5.02712
388000 -5.1413
389000 -4.77543
390000 -5.04661
391000 -5.03979
392000 -5.19716
393000 -4.07571
394000 -3.60811
395000 -3.61367
396000 -4.06048
397000 -3.94173
398000 -4.36767
399000 -6.15274
400000 -5.76348
401000 -4.5488
402000 -3.91222
403000 -3.89244
404000 -4.12215
405000 -4.04959
406000 -3.94294
407000 -3.88642
408000 -2.99037
409000 -2.29665
410000 -2.61804
411000 -1.69172
412000 -1.96937
413000 -2.82274
414000 -3.9934
415000 -3.58297
416000 -3.11219
417000 -2.86934
418000 -3.23391
419000 -2.21661
420000 -2.21429
421000 -2.54873
422000 -3.17477
423000 -2.96962
424000 -2.69999
425000 -3.70865
426000 -4.22268
427000 -3.90776
428000 -4.15889
429000 -4.84612
430000 -4.4023
431000 -2.64676
432000 -2.71908
433000 -2.25046
434000 -1.55196
435000 -2.47504
436000 -2.16366
437000 -1.63081
438000 -2.51763
439000 -2.98041
440000 -3.06225
441000 -2.94445
442000 -2.07479
443000 -1.65833
444000 -1.54628
445000 -1.0541
446000 -1.839
447000 -1.51445
448000 -2.16479
449000 -2.12609
450000 -1.91519
451000 -0.489569
452000 0.446725
453000 1.10659
454000 1.77421
455000 1.32959
456000 0.655612
457000 0.827204
458000 0.171724
459000 -0.836996
460000 -1.69392
461000 -2.95786
462000 -3.78974
463000 -3.96548
464000 -4.27026
465000 -3.46371
466000 -2.29048
467000 -1.93979
468000 -1.39706
469000 -1.45656
470000 -3.14756
471000 -3.18283
472000 -3.10763
473000 -2.9991
474000 -2.80344
475000 -2.77169
476000 -2.89063
477000 -1.67123
478000 -1.92284
479000 -1.90747
480000 -1.41142
481000 -1.68343
482000 -1.35148
483000 -1.35969
484000 -0.950325
485000 -2.08496
486000 -3.41744
487000 -3.89181
488000 -3.47148
489000 -4.42855
490000 -4.22286
491000 -2.84231
492000 -2.09574
493000 -2.34346
494000 -2.34905
495000 -1.4055
496000 0.0319967
497000 0.296426
498000 1.55897
499000 1.00584
500000 -0.203252
501000 -0.581817
502000 -0.583724
503000 -2.1426
504000 -2.56514
505000 -2.95426
506000 -2.37935
507000 -1.55091
508000 -1.6231
509000 -1.39116
510000 -0.168968
511000 -0.510131
512000 -0.183919
513000 0.547259
514000 0.715641
515000 1.02233
516000 1.4144
517000 1.49075
518000 2.32353
519000 2.57704
520000 3.46314
521000 2.67037
522000 1.562
523000 -0.221147
524000 -1.24161
525000 -0.543728
526000 -0.71365
527000 -0.288948
528000 -0.0480327
529000 0.705981
530000 1.07206
531000 0.754055
532000 0.737377
533000 0.653828
534000 -0.110724
535000 -1.24641
536000 -2.53032
537000 -2.34039
538000 -1.83419
539000 -0.490166
540000 -0.208522
541000 -0.230354
542000 -0.142242
543000 -1.16807
544000 -1.63372
545000 -1.39949
546000 -1.83892
547000 -1.54024
548000 -0.578025
549000 0.283998
550000 -0.394963
551000 -0.585541
552000 -0.138891
553000 0.20765
554000 1.13384
555000 1.75905
556000 1.88875
557000 0.99005
558000 0.115781
559000 -0.561412
560000 -0.252657
561000 0.294041
562000 0.324474
563000 0.0404873
564000 1.76093
565000 1.25147
566000 0.59869
567000 1.80375
568000 0.972405
569000 0.285409
570000 0.992267
571000 2.04083
572000 2.14858
573000 1.85947
574000 2.08755
575000 2.86783
576000 4.5924
577000 4.91992
578000 4.72938
579000 4.28171
580000 4.50262
581000 4.43149
582000 4.82448
583000 3.54292
584000 2.88538
585000 3.35742
586000 1.67815
587000 1.41258
588000 1.62048
589000 2.20985
590000 1.6924
591000 2.2364
592000 2.69795
593000 2.99571
594000 3.7155
595000 4.36803
596000 3.6135
597000 3.14001
598000 3.14962
599000 4.12919
600000 5.13084
601000 4.37377
602000 3.87198
603000 4.39594
604000 4.26661
605000 4.47819
606000 4.89788
607000 3.42037
608000 1.1434
609000 0.946854
610000 1.6762
611000 2.71918
612000 4.18351
613000 2.30533
614000 0.369041
615000 1.22604
616000 2.04467
617000 3.76072
618000 4.9511
619000 6.71855
620000 7.49636
621000 8.96225
622000 9.2201
623000 9.91788
624000 9.95009
625000 8.77523
626000 8.35445
627000 8.35203
628000 8.56311
629000 7.6413
630000 6.40031
631000 7.08179
632000 8.08494
633000 6.5917
634000 4.2644
635000 4.58883
636000 5.1609
637000 5.29646
638000 4.60892
639000 3.39975
640000 3.34208
641000 4.20528
642000 4.39422
643000 5.21416
644000 5.20585
645000 3.75435
646000 2.49837
647000 1.50423
648000 0.76754
649000 -0.252503
650000 0.0756007
651000 1.58756
652000 2.21495
653000 2.07649
654000 3.09226
655000 4.44662
656000 5.93462
657000 5.37294
658000 3.27269
659000 1.67376
660000 0.691069
661000 0.839695
662000 1.46713
663000 2.13484
664000 2.27213
665000 1.91577
666000 1.90106
667000 0.774698
668000 -0.982571
669000 -2.48816
670000 -2.47199
671000 -1.97441
672000 -1.43669
673000 -0.142479
674000 1.90226
675000 3.07783
676000 4.07804
677000 4.60937
678000 3.96298
679000 2.41758
680000 0.702972
681000 -0.122723
682000 -0.778691
683000 -1.62585
684000 -2.28353
685000 -2.7961
686000 -2.58712
687000 -2.23114
688000 -2.64409
689000 -1.48963
690000 0.454862
691000 1.96958
692000 0.949505
693000 1.9065
694000 3.06922
695000 4.1052
696000 3.734
697000 3.24409
698000 3.8698
699000 4.57413
700000 4.22875
701000 4.55734
702000 5.17547
703000 4.55631
704000 2.85447
705000 2.9189
706000 2.30917
707000 2.83097
708000 2.69498
709000 3.63153
710000 3.88669
711000 3.77666
712000 2.65524
713000 1.77174
714000 1.82697
715000 3.10971
716000 3.20481
717000 3.12287
718000 1.43429
719000 1.52332
720000 2.11731
721000 1.75385
722000 0.872802
723000 0.55892
724000 0.673402
725000 -0.078594
726000 0.282298
727000 0.941332
728000 2.00697
729000 2.75074
730000 2.37633
731000 1.00536
732000 1.11651
733000 1.92801
734000 1.8481
735000 2.5618
736000 3.77528
737000 4.60868
738000 5.98302
739000 6.21777
740000 4.28442
741000 2.11017
742000 1.36387
743000 3.4193
744000 5.23957
745000 4.62423
746000 3.70312
747000 3.86938
748000 4.49134
749000 5.00948
750000 4.12436
751000 2.52498
752000 2.62366
753000 1.80458
754000 1.67891
755000 3.19078
756000 4.05081
757000 2.48124
758000 1.24454
759000 0.961634
760000 0.292111
761000 -0.105146
762000 1.74641
763000 3.11039
764000 2.07168
765000 -0.00385674
766000 -0.774428
767000 -0.95625
768000 -0.472085
769000 1.6786
770000 2.72872
771000 2.86978
772000 1.88102
773000 2.36851
774000 3.13379
775000 5.19555
776000 6.06745
777000 5.74317
778000 5.1759
779000 4.63493
780000 3.52235
781000 2.00908
782000 2.19099
783000 2.66581
784000 3.54085
785000 3.14395
786000 1.31344
787000 2.14297
788000 2.48722
789000 3.47278
790000 3.93006
791000 4.53687
792000 3.83853
793000 2.66761
794000 0.66885
795000 -0.923477
796000 -2.21176
797000 -1.52081
798000 -0.267803
799000 0.449103
800000 0.216585
801000 -0.681686
802000 0.55125
803000 0.408219
804000 -0.138373
805000 -0.0812772
806000 0.180285
807000 -0.18864
808000 -0.2796
809000 0.361769
810000 -0.5921
811000 -1.40776
812000 -3.28195
813000 -3.04399
814000 -3.23824
815000 -3.7914
816000 -2.00937
817000 -1.45997
818000 -0.271194
819000 -0.708926
820000 -1.41357
821000 -2.35827
822000 -4.70921
823000 -6.63038
824000 -8.72278
825000 -8.52017
826000 -8.11474
827000 -8.07269
828000 -7.32967
829000 -7.408
830000 -7.21511
831000 -6.55003
832000 -5.1339
833000 -4.51585
834000 -2.74909
835000 -3.71229
836000 -3.78164
837000 -4.26086
838000 -6.26094
839000 -7.75091
840000 -7.77479
841000 -7.01201
842000 -7.26509
843000 -6.14383
844000 -5.35276
845000 -5.72907
846000 -4.92197
847000 -3.73842
848000 -2.38135
849000 -2.63717
850000 -3.95811
851000 -4.63126
852000 -5.67285
853000 -6.1612
854000 -4.54044
855000 -2.2659
856000 -2.06503
857000 -2.31703
858000 -2.0604
859000 -2.99082
860000 -3.26302
861000 -2.71687
862000 -3.36638
863000 -2.36011
864000 -1.08614
865000 -1.34312
866000 -2.84771
867000 -3.82201
868000 -4.69783
869000 -5.44461
870000 -5.82649
871000 -4.82499
872000 -3.94625
873000 -5.66072
874000 -8.24167
875000 -8.8769
876000 -10.0069
877000 -10.5948
878000 -9.11279
879000 -6.24464
880000 -4.59828
881000 -4.8176
882000 -3.83625
883000 -2.34088
884000 -3.36619
885000 -4.32313
886000 -6.80412
887000 -8.42732
888000 -7.72682
889000 -5.4021
890000 -2.37549
891000 -2.91428
892000 -2.69997
893000 -2.89497
894000 -2.53446
895000 -0.248378
896000 0.291068
897000 0.133903
898000 1.25502
899000 4.08657
900000 5.11417
901000 4.27989
902000 2.8154
903000 2.95193
904000 1.84118
905000 0.581262
906000 1.28845
907000 0.576852
908000 -0.921589
909000 -2.06075
910000 -1.87664
911000 0.477813
912000 1.51861
913000 2.6728
914000 3.60949
915000 2.01513
916000 1.47513
917000 2.1546
918000 1.73904
919000 -0.814656
920000 -2.52639
921000 -4.23002
922000 -4.96895
923000 -5.78949
924000 -2.55037
925000 -1.0042
926000 -0.492477
927000 -1.40561
928000 -3.11871
929000 -2.75939
930000 -3.40889
931000 -3.94601
932000 -2.71817
933000 -3.36771
934000 -2.29257
935000 -0.314269
936000 0.684881
937000 0.599002
938000 -1.17183
939000 -1.95411
940000 -0.887913
941000 0.556403
942000 0.109321
943000 -0.887871
944000 -0.107219
945000 3.59182
946000 2.69021
947000 0.311072
948000 -0.714028
949000 1.4955
950000 1.53781
951000 0.194739
952000 0.999826
953000 1.97333
954000 3.5274
955000 4.68752
956000 4.87701
957000 5.34686
958000 5.17955
959000 5.42415
960000 4.72913
961000 4.20253
962000 4.33006
963000 3.99011
964000 3.06624
965000 2.56481
966000 2.35521
967000 2.09561
968000 1.96185
969000 3.03989
970000 3.46245
971000 3.05542
972000 1.39533
973000 -0.804737
974000 -1.48617
975000 -2.12343
976000 -1.07923
977000 0.879722
978000 0.714393
979000 0.671479
980000 0.881802
981000 1.8471
982000 3.1379
983000 3.55579
984000 1.96541
985000 2.1558
986000 4.80858
987000 4.08675
988000 2.96247
989000 7.55273
990000 5.91088
991000 5.66825
992000 5.8393
993000 5.73005
994000 4.4565
995000 4.92685
996000 4.89539
997000 7.67675
998000 7.13578
999000 10.407
1000000 10.3092
1001000 7.72321
1002000 5.78572
1003000 4.11209
1004000 5.20781
1005000 4.96532
1006000 2.65498
1007000 2.39036
1008000 3.72076
1009000 3.4654
1010000 5.2477
1011000 5.28603
1012000 5.19525
1013000 6.34473
1014000 7.83603
1015000 6.75656
1016000 6.58069
1017000 4.85097
1018000 4.34222
1019000 6.37795
1020000 8.72045
1021000 10.0715
1022000 9.28479
1023000 9.96608
1024000 9.85601
1025000 8.14534
1026000 9.18097
1027000 7.48533
1028000 5.65479
1029000 4.11121
1030000 3.63699
1031000 5.21283
1032000 5.50116
1033000 5.85708
1034000 6.3087
1035000 6.90204
1036000 7.91661
1037000 7.936
1038000 7.90136
1039000 6.56104
1040000 7.45841
1041000 5.17897
1042000 4.75039
1043000 5.6586
1044000 6.51813
1045000 6.35906
1046000 4.73606
1047000 5.92401
1048000 5.73922
1049000 4.87531
1050000 2.69692
1051000 0.829902
1052000 -0.568567
1053000 0.705978
1054000 1.60926
1055000 3.16067
1056000 2.2011
1057000 1.47051
1058000 2.51934
1059000 2.47477
1060000 2.82817
1061000 2.95026
1062000 1.53556
1063000 0.0388393
1064000 -1.55013
1065000 -2.55226
1066000 -2.77167
1067000 -2.32869
1068000 -2.44031
1069000 -3.22325
1070000 -3.32367
1071000 -4.81827
1072000 -5.64213
1073000 -4.66122
1074000 -4.51179
1075000 -2.55421
1076000 -0.900166
1077000 -0.0096582
1078000 0.924408
1079000 0.837071
1080000 0.00200688
1081000 -0.617565
1082000 -1.08108
1083000 -1.72615
1084000 -2.09641
1085000 -0.278609
1086000 0.0675463
1087000 -0.406062
1088000 0.773471
1089000 0.800413
1090000 -0.203264
1091000 -1.41946
1092000 -1.40482
1093000 -1.73274
1094000 -2.25293
1095000 -2.56263
1096000 -3.22149
1097000 -3.94362
1098000 -4.13129
1099000 -5.29139
1100000 -5.80666
1101000 -5.82846
1102000 -5.16081
1103000 -3.22889
1104000 -2.89397
1105000 -1.24981
1106000 -0.345141
1107000 2.49393
1108000 3.77593
1109000 4.02138
1110000 3.0129
1111000 2.75999
1112000 0.906177
1113000 -0.468855
1114000 -1.46796
1115000 -2.66027
1116000 -2.59836
1117000 -1.74854
1118000 -0.312948
1119000 -0.359408
1120000 -0.573434
1121000 0.125974
1122000 -1.01811
1123000 -1.71819
1124000 -1.78694
1125000 -1.6675
1126000 -2.36977
1127000 -2.21382
1128000 -1.41224
1129000 -2.01328
1130000 -2.49368
1131000 -2.74426
1132000 -2.25677
1133000 -2.32535
1134000 -1.92467
1135000 -1.16219
1136000 -1.89368
1137000 -2.49138
1138000 -2.52686
1139000 -0.515978
1140000 -0.592929
1141000 -3.33436
1142000 -5.81671
1143000 -5.72296
1144000 -5.87887
1145000 -6.24525
1146000 -4.40546
1147000 -4.12578
1148000 -4.62707
1149000 -5.13966
1150000 -6.08275
1151000 -6.2739
1152000 -5.57677
1153000 -6.9225
1154000 -7.04944
1155000 -6.63316
1156000 -5.79086
1157000 -3.77142
1158000 -1.91993
1159000 -4.18288
1160000 -5.57832
1161000 -6.61643
1162000 -7.90323
1163000 -7.72386
1164000 -5.59556
1165000 -5.24262
1166000 -6.69291
1167000 -7.89111
1168000 -7.54123
1169000 -6.21757
1170000 -5.59112
1171000 -5.52433
1172000 -5.54947
1173000 -5.11202
1174000 -4.02076
1175000 -3.17458
1176000 -3.07929
1177000 -4.04496
1178000 -2.30861
1179000 -0.338544
1180000 -2.28522
1181000 -3.01341
1182000 -2.33848
1183000 -2.06174
1184000 -1.66358
1185000 -2.69075
1186000 -2.96652
1187000 -2.80887
1188000 -4.54815
1189000 -4.30005
1190000 -3.7202
1191000 -1.8784
1192000 -2.54628
1193000 -2.99946
1194000 -5.39029
1195000 -5.96955
1196000 -3.90972
1197000 -3.2432
1198000 -5.27612
1199000 -5.88244
1200000 -6.04653
1201000 -6.31876
1202000 -5.95055
1203000 -5.11156
1204000 -5.58674
1205000 -6.77146
