# Time-averaged data for fix f_shear
# TimeStep v_shear_stress
206000 -4.16466
207000 1.87445
208000 -6.15241
209000 -7.99856
210000 -3.56025
211000 -5.4719
212000 -3.64952
213000 4.02438
214000 -4.12524
215000 -3.24504
216000 -0.807221
217000 -4.82555
218000 -2.74369
219000 2.11147
220000 0.22413
221000 -6.38104
222000 -0.496385
223000 4.43751
224000 -0.80586
225000 -0.166304
226000 -1.17302
227000 -1.79778
228000 -1.33197
229000 0.568012
230000 -0.630767
231000 -3.63601
232000 -1.38885
233000 -0.0772822
234000 -0.544722
235000 -1.40856
236000 -0.893816
237000 -2.53533
238000 1.23201
239000 1.26371
240000 -1.94046
241000 0.688586
242000 1.98901
243000 0.385807
244000 -0.855981
245000 0.104943
246000 0.139384
247000 2.19059
248000 1.39261
249000 1.20955
250000 0.282299
251000 0.320534
252000 -2.83238
253000 -1.18465
254000 0.833798
255000 -0.0395741
256000 0.333188
257000 1.10136
258000 3.56466
259000 2.88358
260000 -0.111538
261000 0.324825
262000 0.506697
263000 -1.1162
264000 1.05524
265000 -0.888555
266000 -0.12941
267000 1.25039
268000 1.56726
269000 3.05518
270000 4.46064
271000 4.43967
272000 2.52213
273000 3.61588
274000 2.9118
275000 2.78529
276000 1.68064
277000 2.32668
278000 4.1737
279000 5.60965
280000 2.56287
281000 4.15048
282000 4.34849
283000 4.00836
284000 4.88339
285000 2.99081
286000 5.09633
287000 6.48318
288000 6.5895
289000 4.82945
290000 3.65843
291000 2.58548
292000 0.127075
293000 3.76535
294000 3.31729
295000 0.682504
296000 4.74126
297000 4.00859
298000 2.96322
299000 4.17057
300000 2.37132
301000 2.82907
302000 3.57728
303000 5.24786
304000 4.88734
305000 2.45149
306000 3.61246
307000 4.23675
308000 0.571299
309000 3.20603
310000 2.81205
311000 1.61006
312000 0.279807
313000 3.37202
314000 3.32269
315000 3.15745
316000 4.43512
317000 3.59985
318000 0.256791
319000 3.22932
320000 1.43013
321000 5.24962
322000 2.93372
323000 3.33982
324000 2.09351
325000 0.696369
326000 1.25935
327000 0.210156
328000 -2.62781
329000 1.71293
330000 2.67476
331000 -1.09019
332000 1.60682
333000 0.56022
334000 3.06394
335000 2.27466
336000 0.934243
337000 0.480783
338000 1.8347
339000 -0.157154
340000 -2.29163
341000 -0.666092
342000 0.954489
343000 -0.299393
344000 3.34039
345000 2.13973
346000 1.47933
347000 3.0544
348000 1.57987
349000 0.45558
350000 3.58655
351000 -2.63594
352000 1.41089
353000 5.54346
354000 1.74114
355000 0.594522
356000 -0.405137
357000 1.09829
358000 0.106259
359000 -0.996473
360000 5.11758
361000 4.81349
362000 5.19482
363000 2.556
364000 2.91964
365000 1.78229
366000 2.21287
367000 4.57209
368000 3.04452
369000 2.08642
370000 1.27302
371000 0.621186
372000 4.36124
373000 4.9219
374000 2.91554
375000 3.27275
376000 2.7785
377000 3.07098
378000 4.95594
379000 4.47185
380000 0.87883
381000 2.57354
382000 3.45662
383000 3.01262
384000 1.78085
385000 1.21666
386000 1.96215
387000 3.61042
388000 2.73549
389000 1.31974
390000 2.63288
391000 2.72929
392000 -1.19137
393000 2.4297
394000 2.04027
395000 1.49745
396000 0.568503
397000 0.774422
398000 4.56065
399000 2.71355
400000 0.0490213
401000 2.05332
402000 1.48981
403000 0.857892
404000 1.23933
405000 1.79615
406000 3.05486
407000 1.15497
408000 1.55244
409000 4.16414
410000 3.81641
411000 -0.172072
412000 -0.795297
413000 2.95008
414000 -0.598155
415000 0.108918
416000 -0.0680853
417000 1.58732
418000 -0.84862
419000 -0.835743
420000 -0.799319
421000 -1.44027
422000 -2.00825
423000 0.704989
424000 -0.0353691
425000 -1.54819
426000 -4.77071
427000 0.0143409
428000 -2.39766
429000 2.256
430000 1.08182
431000 -1.22739
432000 1.38353
433000 1.85147
434000 0.383052
435000 0.464029
436000 -1.15216
437000 1.13576
438000 -0.636221
439000 2.46157
440000 1.47168
441000 3.10037
442000 1.97901
443000 -0.952416
444000 -1.53052
445000 -1.32548
446000 0.129461
447000 3.97536
448000 2.42748
449000 0.078052
450000 3.66457
451000 0.0684644
452000 -0.222698
453000 0.0620391
454000 1.69175
455000 1.56841
456000 1.58456
457000 -0.0829832
458000 1.24145
459000 3.45102
460000 2.87946
461000 3.14961
462000 4.57145
463000 1.94283
464000 -1.00645
465000 2.03318
466000 1.18691
467000 0.457033
468000 1.41274
469000 -0.940652
470000 -2.11235
471000 -0.260575
472000 3.69473
473000 1.08946
474000 1.95251
475000 3.38484
476000 2.1152
477000 0.439463
478000 2.11399
479000 -2.85788
480000 0.945257
481000 2.73306
482000 -2.51561
483000 -1.60085
484000 -1.48434
485000 2.26654
486000 1.23969
487000 0.752125
488000 1.83477
489000 1.95194
490000 2.55999
491000 -0.408528
492000 1.54606
493000 0.425131
494000 0.46622
495000 0.263328
496000 0.610737
497000 1.16603
498000 -0.209483
499000 2.58317
500000 0.938145
501000 0.422203
502000 -0.0264026
503000 1.56879
504000 -0.53872
505000 3.11117
506000 2.73305
507000 1.50074
508000 0.843469
509000 1.52175
510000 2.00504
511000 0.199678
512000 -1.52835
513000 0.117752
514000 0.472976
515000 0.391903
516000 4.22208
517000 0.121532
518000 -0.102187
519000 1.25631
520000 1.20015
521000 1.67602
522000 3.32572
523000 1.48665
524000 -0.100613
525000 -0.0981522
526000 1.22404
527000 0.387272
528000 1.56992
529000 1.9435
530000 1.23872
531000 4.8338
532000 -0.456005
533000 2.42884
534000 -0.819043
535000 1.80174
536000 5.85772
537000 3.23612
538000 0.951532
539000 -2.50419
540000 -0.00774152
541000 1.74521
542000 1.9855
543000 3.39921
544000 -1.59054
545000 -1.11293
546000 -3.85466
547000 2.50248
548000 1.05193
549000 -0.128626
550000 0.412304
551000 0.123441
552000 0.679707
553000 3.8339
554000 3.26555
555000 0.499142
556000 -0.32595
557000 -0.829018
558000 -0.624039
559000 1.1377
560000 -0.525725
561000 -1.31964
562000 3.25304
563000 -2.0124
564000 -1.10807
565000 0.0496093
566000 -0.996797
567000 1.22287
568000 -0.351644
569000 0.241583
570000 0.358831
571000 3.06272
572000 5.16683
573000 1.18847
574000 -0.321147
575000 2.14391
576000 3.53157
577000 -2.25208
578000 0.406205
579000 1.63172
580000 3.23042
581000 1.59422
582000 3.03421
583000 5.26635
584000 3.61361
585000 7.12509
586000 6.98751
587000 6.41323
588000 5.59795
589000 3.72695
590000 3.3708
591000 1.98329
592000 3.85109
593000 3.52833
594000 3.80732
595000 6.23792
596000 5.34496
597000 4.74178
598000 0.0746639
599000 1.18142
600000 -1.18429
601000 -0.708589
602000 6.44633
603000 3.85431
604000 1.65638
605000 2.05439
606000 4.10466
607000 2.87154
608000 2.01833
609000 6.24393
610000 4.75798
611000 4.82277
612000 3.14681
613000 2.71642
614000 3.15935
615000 6.30831
616000 1.48113
617000 4.70443
618000 1.18901
619000 -1.03599
620000 3.5556
621000 2.10438
622000 1.39554
623000 -0.428047
624000 2.62797
625000 3.3464
626000 2.57088
627000 1.96996
628000 3.63311
629000 6.72217
630000 5.22958
631000 3.50565
632000 2.90527
633000 2.17817
634000 1.89435
635000 2.10548
636000 4.73158
637000 2.21451
638000 0.721407
639000 3.85254
640000 3.84368
641000 1.4066
642000 -1.87168
643000 1.25501
644000 -1.85078
645000 1.91018
646000 1.61281
647000 0.732315
648000 0.678729
649000 3.44021
650000 0.957136
651000 -0.748811
652000 -1.41406
653000 -1.23011
654000 1.41301
655000 -0.902965
656000 0.72952
657000 -0.599685
658000 2.35539
659000 2.2444
660000 0.0346511
661000 1.73312
662000 3.61089
663000 0.94356
664000 2.80006
665000 1.09852
666000 -0.783292
667000 0.594999
668000 0.0642905
669000 0.903792
670000 0.458504
671000 1.19438
672000 1.90251
673000 -0.541683
674000 0.962098
675000 1.12582
676000 0.377593
677000 0.139376
678000 0.794889
679000 7.51654
680000 4.87941
681000 1.54922
682000 -0.392583
683000 -0.601504
684000 -0.0172353
685000 0.166776
686000 1.631
687000 3.35442
688000 0.677367
689000 -0.709667
690000 1.05266
691000 0.132766
692000 -1.95866
693000 3.32351
694000 1.85695
695000 -0.373281
696000 -2.12581
697000 -2.20325
698000 -0.475079
699000 -0.909143
700000 -0.216042
701000 1.75347
702000 3.21274
703000 0.923606
704000 1.49667
705000 0.105898
706000 -1.56541
707000 -0.515312
708000 -0.826125
709000 1.08766
710000 -0.63303
711000 -0.458204
712000 -1.13748
713000 0.0810097
714000 -2.36334
715000 -0.264313
716000 0.470073
717000 1.79496
718000 -1.52348
719000 4.25016
720000 4.88912
721000 -0.406584
722000 -2.2607
723000 1.6105
724000 1.86009
725000 2.09084
726000 3.95669
727000 4.48872
728000 2.60222
729000 1.62575
730000 3.19412
731000 1.41102
732000 1.43189
733000 -1.48185
734000 2.06897
735000 2.56904
736000 -0.48173
737000 -0.0385061
738000 -2.33071
739000 -0.31676
740000 -1.30002
741000 0.108763
742000 -0.354737
743000 -4.33986
744000 -2.77436
745000 -0.987837
746000 -2.70259
747000 2.65137
748000 1.09805
749000 0.875102
750000 -0.0953888
751000 -1.80099
752000 -0.13985
753000 -0.64711
754000 -3.45385
755000 -0.570743
756000 2.35777
757000 -0.296717
758000 -2.19798
759000 0.184737
760000 -0.312202
761000 0.247527
762000 -1.32434
763000 -1.5688
764000 1.48088
765000 1.67215
766000 1.87716
767000 -0.361991
768000 -0.04137
769000 -0.869687
770000 1.47997
771000 0.0432326
772000 0.599421
773000 1.51798
774000 1.51048
775000 -0.157585
776000 2.94022
777000 0.769957
778000 1.0692
779000 1.01898
780000 1.69626
781000 5.32994
782000 4.8256
783000 4.91612
784000 5.95517
785000 3.55739
786000 3.14098
787000 1.61602
788000 1.33599
789000 -0.859999
790000 -1.58731
791000 -0.664821
792000 -0.789873
793000 3.31772
794000 1.50953
795000 1.99704
796000 5.6753
797000 3.68722
798000 1.42327
799000 -1.11908
800000 2.9323
801000 6.09967
802000 6.73483
803000 1.93763
804000 -0.643382
805000 -1.25211
806000 -1.51528
807000 1.31057
808000 2.62463
809000 1.58362
810000 3.98022
811000 2.81532
812000 2.45538
813000 5.89851
814000 6.14795
815000 7.57045
816000 5.02917
817000 2.05041
818000 4.09426
819000 3.9714
820000 1.87159
821000 2.75826
822000 3.17816
823000 3.72183
824000 4.93881
825000 1.6588
826000 4.5099
827000 4.27895
828000 2.57105
829000 1.80439
830000 4.69685
831000 5.31225
832000 2.86602
833000 6.83056
834000 6.03754
835000 2.78173
836000 -1.00027
837000 1.04126
838000 2.59155
839000 3.33929
840000 2.78706
841000 3.80566
842000 3.25124
843000 3.39397
844000 2.55585
845000 -1.61902
846000 1.05567
847000 2.8667
848000 2.29928
849000 0.60935
850000 -1.09399
851000 3.8777
852000 1.82569
853000 2.79697
854000 -2.58797
855000 0.234779
856000 0.885151
857000 1.0403
858000 1.39485
859000 -0.279756
860000 3.3607
861000 3.5512
862000 6.44596
863000 4.72605
864000 4.82524
865000 4.63536
866000 5.22437
867000 4.78652
868000 5.43056
869000 4.15203
870000 5.44537
871000 3.82395
872000 4.24414
873000 1.47132
874000 2.79137
875000 1.84587
876000 3.44938
877000 5.35789
878000 5.23444
879000 2.98948
880000 4.88868
881000 4.04224
882000 3.93945
883000 5.52284
884000 4.26804
885000 5.89765
886000 7.62923
887000 8.08166
888000 4.25973
889000 3.91425
890000 4.52592
891000 7.28827
892000 1.78241
893000 4.19096
894000 5.20714
895000 3.10568
896000 4.19274
897000 1.00724
898000 1.63647
899000 1.4398
900000 2.18105
901000 3.6463
902000 8.84629
903000 5.6709
904000 8.32102
905000 8.56232
906000 2.4105
907000 0.0532032
908000 0.673339
909000 3.62215
910000 4.1539
911000 4.12344
912000 3.53883
913000 1.26312
914000 -0.073195
915000 3.59424
916000 4.56183
917000 -0.59409
918000 4.16477
919000 2.27738
920000 2.33194
921000 4.44322
922000 4.56238
923000 2.23006
924000 1.0866
925000 0.904421
926000 0.471032
927000 5.64567
928000 9.18482
929000 3.71178
930000 7.03055
931000 3.37776
932000 -2.81203
933000 -0.633029
934000 -0.103194
935000 3.20924
936000 3.17653
937000 0.400453
938000 1.24269
939000 -0.694377
940000 3.34742
941000 3.5369
942000 4.83497
943000 5.19355
944000 3.89697
945000 2.82853
946000 1.77936
947000 0.212912
948000 7.53539
949000 1.48933
950000 3.83017
951000 4.49119
952000 4.91045
953000 4.56542
954000 6.44376
955000 6.66058
956000 4.87024
957000 3.3986
958000 1.80319
959000 3.38109
960000 5.58344
961000 0.177129
962000 2.54353
963000 3.23106
964000 5.14091
965000 1.98956
966000 1.52114
967000 3.16944
968000 2.30572
969000 3.71254
970000 6.25501
971000 4.98915
972000 7.37378
973000 3.64111
974000 4.24784
975000 5.43551
976000 1.70517
977000 4.00252
978000 6.74483
979000 7.83958
980000 5.88453
981000 5.04192
982000 6.85957
983000 7.8368
984000 6.14731
985000 3.99586
986000 1.24675
987000 5.55086
988000 6.73717
989000 3.63322
990000 6.34189
991000 4.5378
992000 6.24679
993000 2.55259
994000 2.04524
995000 3.71374
996000 3
997000 3.24017
998000 2.89799
999000 5.9148
1000000 6.99699
1001000 6.01555
1002000 3.43282
1003000 7.72834
1004000 4.62972
1005000 4.5702
1006000 7.86926
1007000 8.31517
1008000 5.28914
1009000 3.22644
1010000 2.49982
1011000 1.87056
1012000 3.75347
1013000 4.38885
1014000 4.9859
1015000 3.16973
1016000 5.54309
1017000 1.7772
1018000 4.72568
1019000 1.21249
1020000 0.141283
1021000 1.57141
1022000 2.21823
1023000 1.48042
1024000 4.62936
1025000 -0.164903
1026000 3.5315
1027000 2.49326
1028000 2.37755
1029000 1.06411
1030000 3.00527
1031000 -0.686734
1032000 2.04721
1033000 -1.09355
1034000 -3.42407
1035000 0.0590399
1036000 1.5555
1037000 -0.448745
1038000 1.0412
1039000 0.32832
1040000 2.1466
1041000 4.33783
1042000 1.58232
1043000 1.62014
1044000 5.84013
1045000 1.7375
1046000 1.12764
1047000 0.303834
1048000 3.20885
1049000 4.73163
1050000 3.11046
1051000 5.70067
1052000 4.70271
1053000 2.59664
1054000 4.00347
1055000 0.63569
1056000 2.08085
1057000 0.945132
1058000 2.28538
1059000 5.04292
1060000 5.62497
1061000 2.34366
1062000 2.50313
1063000 4.35912
1064000 1.27335
1065000 1.38337
1066000 3.406
1067000 2.51934
1068000 2.07506
1069000 1.48
1070000 1.31751
1071000 -2.41247
1072000 1.3739
1073000 -1.08602
1074000 0.803553
1075000 0.376157
1076000 2.48393
1077000 1.80062
1078000 -2.49213
1079000 1.66606
1080000 -0.396787
1081000 -2.07516
1082000 1.78257
1083000 1.14147
1084000 -0.0288596
1085000 -2.24652
1086000 -0.241134
1087000 3.04428
1088000 0.381334
1089000 -0.779674
1090000 0.458132
1091000 -0.219937
1092000 -0.521807
1093000 0.108642
1094000 -1.09646
1095000 -0.484409
1096000 0.42888
1097000 -1.46355
1098000 2.21917
1099000 1.9271
1100000 -0.630627
1101000 0.77862
1102000 0.245698
1103000 -0.200029
1104000 -0.510961
1105000 0.69101
1106000 1.31277
1107000 0.926062
1108000 0.999963
1109000 0.290443
1110000 -1.45613
1111000 -1.93427
1112000 -1.85275
1113000 0.27682
1114000 -1.07277
1115000 -2.3836
1116000 1.56269
1117000 4.87722
1118000 3.2161
1119000 0.278163
1120000 -0.170446
1121000 -1.1344
1122000 -1.43734
1123000 0.181165
1124000 0.270939
1125000 -0.151104
1126000 -4.74633
1127000 -4.73348
1128000 -2.27205
1129000 0.589811
1130000 0.0177573
1131000 0.249114
1132000 2.15485
1133000 1.36153
1134000 0.0203155
1135000 -1.49016
1136000 0.579354
1137000 -2.76651
1138000 -2.07773
1139000 -2.74239
1140000 2.17988
1141000 -0.442136
1142000 -0.299709
1143000 1.44858
1144000 0.170986
1145000 1.23451
1146000 -1.02569
1147000 -1.38113
1148000 0.480231
1149000 0.0812679
1150000 0.137864
1151000 -0.613389
1152000 -4.00074
1153000 1.06781
1154000 0.011677
1155000 -1.31344
1156000 -2.39226
1157000 -2.13505
1158000 -4.22609
1159000 2.46205
1160000 2.25741
1161000 1.17987
1162000 -1.08731
1163000 -2.52593
1164000 -0.750044
1165000 -3.36951
1166000 -0.317672
1167000 -1.48818
1168000 -1.00812
1169000 -1.92521
1170000 0.736538
1171000 -0.676786
1172000 1.26769
1173000 1.51897
1174000 3.44135
1175000 0.923404
1176000 -0.79079
1177000 0.507116
1178000 0.563036
1179000 0.679921
1180000 0.163209
1181000 1.71053
1182000 0.664242
1183000 2.4138
1184000 1.33333
1185000 -1.88096
1186000 -2.60849
1187000 4.12069
1188000 0.740457
1189000 0.0684903
1190000 3.67599
1191000 3.6322
1192000 3.75907
1193000 1.45185
1194000 1.65213
1195000 -0.301244
1196000 -4.40504
1197000 -2.67797
1198000 -1.45201
1199000 -2.74724
1200000 -0.414476
1201000 -1.65433
1202000 0.455086
1203000 -0.363287
1204000 0.129434
1205000 -2.30331
