# Time-averaged data for fix f_shear
# TimeStep v_shear_stress
206000 -4.09602
207000 3.30377
208000 2.47805
209000 2.02658
210000 -1.61302
211000 2.17701
212000 0.879387
213000 1.30461
214000 2.16089
215000 4.03688
216000 1.3585
217000 1.73318
218000 0.678731
219000 1.7573
220000 2.60744
221000 3.7814
222000 2.92082
223000 3.90401
224000 2.98669
225000 2.83025
226000 2.72236
227000 2.84926
228000 3.76749
229000 4.34785
230000 4.63183
231000 4.44393
232000 3.26258
233000 2.85951
234000 4.72584
235000 3.72339
236000 2.82593
237000 4.71881
238000 4.25977
239000 7.95759
240000 6.52081
241000 5.90015
242000 4.87874
243000 5.69169
244000 6.81117
245000 5.22106
246000 5.89798
247000 5.06727
248000 3.64313
249000 1.50893
250000 0.152862
251000 0.354889
252000 3.68787
253000 3.74062
254000 2.34391
255000 3.30287
256000 4.01843
257000 4.32589
258000 3.62921
259000 3.32665
260000 1.88628
261000 0.850755
262000 0.427176
263000 0.427416
264000 1.9908
265000 1.13509
266000 2.19271
267000 -0.386198
268000 1.55651
269000 1.60315
270000 1.84896
271000 0.253783
272000 4.45856
273000 1.13426
274000 1.19229
275000 1.79797
276000 1.58188
277000 3.75411
278000 3.53334
279000 2.58511
280000 3.30376
281000 3.36047
282000 0.766252
283000 5.38272
284000 3.55375
285000 4.02092
286000 4.00217
287000 3.05167
288000 2.59768
289000 5.36178
290000 5.46805
291000 3.48945
292000 2.52751
293000 2.50022
294000 5.46912
295000 5.31668
296000 3.91271
297000 4.47295
298000 4.99728
299000 6.8453
300000 9.11208
301000 7.2286
302000 7.82298
303000 5.32037
304000 4.77494
305000 3.4197
306000 1.36441
307000 3.07481
308000 6.07304
309000 5.66283
310000 4.00315
311000 3.76898
312000 1.1682
313000 -3.16921
314000 -0.413152
315000 -0.345055
316000 -1.38227
317000 -0.560052
318000 -0.53593
319000 -0.842494
320000 -1.16076
321000 -0.266758
322000 0.568161
323000 -0.235026
324000 -2.28476
325000 -3.23242
326000 -1.80324
327000 -0.890801
328000 -1.27695
329000 -0.912502
330000 -0.698664
331000 -1.16698
332000 -1.09492
333000 2.94675
334000 0.661144
335000 -1.89425
336000 -1.11635
337000 -0.217476
338000 0.0881891
339000 -0.323874
340000 0.358743
341000 -0.772717
342000 1.4755
343000 -0.171357
344000 -0.489447
345000 2.31542
346000 -0.0541194
347000 -0.270674
348000 0.293456
349000 0.149134
350000 -0.518777
351000 -0.17104
352000 -0.447785
353000 -1.9163
354000 0.652314
355000 0.757257
356000 1.42338
357000 2.15912
358000 0.633408
359000 -1.28263
360000 -0.383356
361000 -1.11369
362000 -0.0186958
363000 0.348898
364000 -0.780243
365000 -0.751556
366000 -1.24073
367000 0.515577
368000 -1.11554
369000 -1.70901
370000 0.336101
371000 0.954613
372000 4.21913
373000 3.01072
374000 2.04629
375000 0.314421
376000 0.108841
377000 2.66624
378000 0.735615
379000 4.02295
380000 4.14644
381000 2.50329
382000 0.0208939
383000 0.894118
384000 0.84433
385000 2.56687
386000 5.34275
387000 6.379
388000 4.40767
389000 3.80092
390000 5.45383
391000 5.79876
392000 1.9183
393000 -0.730911
394000 -1.74472
395000 -2.31232
396000 0.735806
397000 0.826619
398000 2.90483
399000 2.17573
400000 0.617655
401000 -1.79424
402000 -1.48725
403000 -4.21443
404000 -4.65115
405000 -2.83447
406000 -4.53058
407000 -3.33081
408000 -1.08569
409000 0.840353
410000 -1.96739
411000 -1.11165
412000 1.23973
413000 1.11866
414000 0.349741
415000 -1.87622
416000 -1.65398
417000 -1.2732
418000 -3.38171
419000 -0.670025
420000 0.858357
421000 -0.370295
422000 -2.18956
423000 0.609495
424000 0.15519
425000 -1.93164
426000 -2.36022
427000 2.02474
428000 -0.96342
429000 0.372994
430000 -1.66852
431000 -1.79638
432000 -1.78179
433000 0.25898
434000 1.30282
435000 1.60843
436000 -1.02756
437000 -1.37731
438000 -0.837776
439000 1.15171
440000 3.17825
441000 4.78961
442000 3.11168
443000 1.50921
444000 0.959928
445000 2.35855
446000 1.37594
447000 4.82538
448000 6.02506
449000 9.4511
450000 9.46141
451000 9.90935
452000 8.55731
453000 8.95606
454000 9.41398
455000 4.56483
456000 5.98895
457000 8.42772
458000 7.5814
459000 4.82333
460000 2.7525
461000 7.17071
462000 6.99613
463000 7.16868
464000 7.56102
465000 6.09731
466000 6.45687
467000 4.56703
468000 5.26672
469000 8.1367
470000 6.60694
471000 8.13648
472000 7.38919
473000 4.05836
474000 5.43295
475000 3.81685
476000 1.02593
477000 4.13472
478000 5.07272
479000 3.54685
480000 2.1135
481000 2.90715
482000 3.18118
483000 -0.682221
484000 0.208603
485000 2.89453
486000 2.32536
487000 0.145411
488000 0.925936
489000 0.638814
490000 3.48365
491000 0.225599
492000 1.22381
493000 1.65113
494000 0.256432
495000 3.10069
496000 1.12212
497000 2.61172
498000 6.06121
499000 6.53092
500000 4.99064
501000 2.52088
502000 3.66468
503000 3.4665
504000 2.15742
505000 1.09405
506000 1.32345
507000 1.41831
508000 -1.15495
509000 -0.483569
510000 3.28656
511000 2.64588
512000 1.10603
513000 -0.541767
514000 -0.541089
515000 -2.14818
516000 -3.00246
517000 -4.8553
518000 -3.08507
519000 -0.3843
520000 -2.66589
521000 -2.70312
522000 -6.47742
523000 -7.19616
524000 -7.82621
525000 -7.48518
526000 -8.43212
527000 -8.98723
528000 -7.79115
529000 -9.12003
530000 -11.1252
531000 -9.55833
532000 -7.29018
533000 -8.54872
534000 -10.0576
535000 -5.17492
536000 -7.95137
537000 -8.48819
538000 -10.1396
539000 -10.9676
540000 -9.21555
541000 -9.17526
542000 -11.1245
543000 -10.3096
544000 -8.35688
545000 -9.04832
546000 -8.19513
547000 -7.27879
548000 -4.92635
549000 -5.65403
550000 -5.63493
551000 -9.6696
552000 -9.62944
553000 -8.43122
554000 -8.5144
555000 -5.71833
556000 -5.72193
557000 -8.7154
558000 -9.27915
559000 -11.4941
560000 -8.33513
561000 -2.16076
562000 -2.79337
563000 -3.03309
564000 -6.10247
565000 -5.00706
566000 -1.72394
567000 -1.75639
568000 -0.234512
569000 -0.679806
570000 -1.89869
571000 0.155698
572000 -2.32328
573000 -2.77246
574000 -2.09885
575000 0.0596417
576000 -0.669041
577000 -1.36177
578000 -0.910968
579000 0.106155
580000 -4.18168
581000 -4.21677
582000 -7.20656
583000 -5.37265
584000 -6.40221
585000 -5.07845
586000 -2.67092
587000 -1.79061
588000 -1.63067
589000 -0.211465
590000 -1.23964
591000 -2.51997
592000 -0.305425
593000 -0.809849
594000 0.289515
595000 0.151983
596000 -3.28138
597000 -2.73612
598000 -4.99517
599000 -5.28504
600000 -7.2449
601000 -5.27805
602000 -5.29686
603000 -5.13157
604000 -4.84316
605000 -5.55034
606000 -6.44899
607000 -4.81053
608000 -3.69755
609000 -4.46283
610000 -5.64884
611000 -7.99785
612000 -5.68828
613000 -7.62041
614000 -7.2515
615000 -2.08775
616000 -3.58685
617000 -3.87133
618000 -2.18305
619000 -2.82275
620000 -3.19828
621000 -6.61056
622000 -8.26087
623000 -7.42443
624000 -5.99616
625000 -5.03263
626000 -7.30554
627000 -7.63296
628000 -6.44105
629000 -9.54462
630000 -10.7347
631000 -10.0419
632000 -8.91351
633000 -8.2439
634000 -8.67873
635000 -9.16185
636000 -9.17448
637000 -7.87325
638000 -8.49325
639000 -5.69912
640000 -8.16352
641000 -9.37922
642000 -8.80185
643000 -10.8638
644000 -12.6125
645000 -10.2056
646000 -10.9886
647000 -13.5668
648000 -11.6253
649000 -10.7424
650000 -11.7643
651000 -11.1194
652000 -11.7154
653000 -9.37258
654000 -7.15726
655000 -6.53936
656000 -4.78972
657000 -8.00352
658000 -6.42333
659000 -8.50421
660000 -5.38081
661000 -3.1488
662000 -5.15205
663000 -7.03221
664000 -7.75695
665000 -6.31699
666000 -5.40754
667000 -8.42916
668000 -8.19824
669000 -6.97414
670000 -5.24155
671000 -5.76599
672000 -6.20379
673000 -9.91478
674000 -11.1269
675000 -9.71908
676000 -8.65049
677000 -10.4534
678000 -10.1096
679000 -6.79599
680000 -4.70838
681000 -4.96854
682000 -4.70828
683000 -5.29745
684000 -5.06396
685000 -6.74815
686000 -8.05331
687000 -8.64508
688000 -10.2753
689000 -8.86581
690000 -10.1161
691000 -6.09872
692000 -7.24467
693000 -9.44594
694000 -6.5957
695000 -6.93171
696000 -8.11316
697000 -6.8545
698000 -4.30792
699000 -4.00022
700000 -3.83288
701000 -2.8588
702000 -5.3073
703000 -4.92414
704000 -5.4607
705000 -6.75035
706000 -7.24207
707000 -8.76351
708000 -7.77168
709000 -7.50377
710000 -1.68814
711000 -3.11869
712000 -6.26567
713000 -5.54922
714000 -3.44743
715000 -4.59393
716000 -7.85575
717000 -5.26974
718000 -5.03067
719000 -6.50239
720000 -4.65715
721000 -5.29894
722000 -6.23657
723000 -8.10832
724000 -8.54975
725000 -5.41294
726000 -5.49271
727000 -5.27236
728000 -5.46995
729000 -5.88648
730000 -6.28259
731000 -8.23534
732000 -8.44868
733000 -9.20484
734000 -9.05859
735000 -11.1033
736000 -7.15395
737000 -7.74457
738000 -5.98037
739000 -5.76503
740000 -6.66786
741000 -4.92234
742000 -5.95936
743000 -4.09673
744000 -3.45607
745000 -3.47102
746000 0.171099
747000 -0.85437
748000 -2.27329
749000 1.73181
750000 2.89883
751000 4.00085
752000 1.49938
753000 3.53849
754000 3.61709
755000 0.250933
756000 -1.58241
757000 -4.2436
758000 -6.71834
759000 -5.90275
760000 -8.73883
761000 -8.84386
762000 -7.7816
763000 -7.84499
764000 -7.75135
765000 -5.18232
766000 -4.31703
767000 -1.30008
768000 -1.79785
769000 -0.869286
770000 -2.26511
771000 -5.25705
772000 -7.53447
773000 -6.70503
774000 -6.77622
775000 -9.36899
776000 -10.2786
777000 -6.41657
778000 -2.93184
779000 -2.93887
780000 -2.68081
781000 -4.23444
782000 -5.65015
783000 -9.14965
784000 -9.29435
785000 -4.65157
786000 -1.35681
787000 0.467126
788000 0.162195
789000 0.591941
790000 2.04662
791000 -0.205207
792000 1.76957
793000 -1.94987
794000 -2.44826
795000 -0.905091
796000 -2.64437
797000 -0.600317
798000 0.715982
799000 0.912652
800000 -0.843522
801000 -4.28568
802000 -5.31178
803000 -4.89583
804000 -6.2195
805000 -6.28409
806000 -5.0166
807000 -4.00592
808000 -1.58195
809000 0.132552
810000 -1.34195
811000 -0.573988
812000 -0.972323
813000 -0.872387
814000 -1.51076
815000 -0.38259
816000 -1.12953
817000 -6.37115
818000 -6.0215
819000 -5.16047
820000 -6.63035
821000 -5.0085
822000 -2.67535
823000 0.202773
824000 2.9402
825000 1.46909
826000 -1.36773
827000 -0.902935
828000 1.18476
829000 0.00374297
830000 -3.78907
831000 -4.63833
832000 -4.22349
833000 -6.43794
834000 -8.51188
835000 -8.91175
836000 -7.59883
837000 -5.82373
838000 -5.40248
839000 -2.56386
840000 -1.33218
841000 -2.73821
842000 -1.76283
843000 -4.48555
844000 -3.38053
845000 -3.07356
846000 0.757287
847000 -0.496689
848000 1.81277
849000 -0.861888
850000 2.05741
851000 -0.594906
852000 -4.18425
853000 -6.89963
854000 -7.23752
855000 -8.2187
856000 -6.10271
857000 -6.79839
858000 -5.75159
859000 -8.17458
860000 -10.2099
861000 -10.9929
862000 -12.0218
863000 -16.0782
864000 -16.4612
865000 -12.2527
866000 -11.9202
867000 -8.97017
868000 -8.45303
869000 -12.4378
870000 -12.1706
871000 -14.0728
872000 -14.7024
873000 -16.3841
874000 -15.4035
875000 -16.1222
876000 -15.7517
877000 -14.9054
878000 -15.0293
879000 -16.3219
880000 -16.7201
881000 -15.0989
882000 -15.8907
883000 -13.8523
884000 -14.1872
885000 -14.2828
886000 -14.9467
887000 -14.2252
888000 -14.6326
889000 -14.0526
890000 -15.5246
891000 -13.7338
892000 -11.137
893000 -8.93777
894000 -7.2652
895000 -8.96039
896000 -6.68101
897000 -9.10119
898000 -8.24695
899000 -10.1076
900000 -9.38364
901000 -13.94
902000 -17.8999
903000 -16.3558
904000 -17.5917
905000 -13.4521
906000 -10.2444
907000 -11.3322
908000 -13.0133
909000 -13.3108
910000 -12.6204
911000 -12.0596
912000 -14.0215
913000 -18.3342
914000 -19.2775
915000 -17.0822
916000 -16.391
917000 -16.294
918000 -15.0235
919000 -14.5133
920000 -13.0537
921000 -14.5475
922000 -13.9765
923000 -12.7643
924000 -8.72683
925000 -9.01914
926000 -10.3663
927000 -8.44862
928000 -9.34191
929000 -9.8756
930000 -6.97685
931000 -8.34162
932000 -7.7646
933000 -8.85543
934000 -6.15415
935000 -3.97847
936000 -3.83276
937000 -6.67056
938000 -10.9599
939000 -10.7463
940000 -9.69743
941000 -9.15532
942000 -6.80383
943000 -9.22154
944000 -10.2711
945000 -12.5449
946000 -9.949
947000 -8.04619
948000 -8.98618
949000 -7.44155
950000 -7.54865
951000 -8.74201
952000 -8.6743
953000 -8.16351
954000 -7.57513
955000 -7.11572
956000 -8.63341
957000 -8.61138
958000 -7.39038
959000 -6.71567
960000 -5.9526
961000 -2.33999
962000 -1.904
963000 -2.93287
964000 -3.98825
965000 -1.0351
966000 -1.73039
967000 -4.31326
968000 -5.19114
969000 -7.2703
970000 -5.25689
971000 -4.67722
972000 -5.13663
973000 -5.59495
974000 -2.64983
975000 -4.02043
976000 -6.32381
977000 -7.10738
978000 -5.01194
979000 -4.68571
980000 -4.59591
981000 -5.83459
982000 -2.98308
983000 -2.59127
984000 -1.95684
985000 -2.98488
986000 -4.10978
987000 -5.65824
988000 -9.74537
989000 -7.65496
990000 -11.4168
991000 -11.6383
992000 -9.21945
993000 -10.652
994000 -9.65451
995000 -6.23837
996000 -8.77379
997000 -8.11996
998000 -8.43648
999000 -9.30814
1000000 -9.40446
1001000 -7.64852
1002000 -5.836
1003000 -4.47832
1004000 -8.48224
1005000 -5.98131
1006000 -7.51827
1007000 -8.05187
1008000 -7.06646
1009000 -6.8795
1010000 -6.71613
1011000 -4.9576
1012000 -3.98573
1013000 -3.81722
1014000 -4.70261
1015000 -6.75274
1016000 -9.29661
1017000 -7.04948
1018000 -7.49467
1019000 -10.9811
1020000 -7.93617
1021000 -5.82482
1022000 -4.22744
1023000 -8.28753
1024000 -6.77669
1025000 -7.60094
1026000 -5.55279
1027000 -6.48278
1028000 -9.53883
1029000 -12.5009
1030000 -10.6901
1031000 -4.85155
1032000 -4.63799
1033000 -5.77806
1034000 -4.4232
1035000 -7.36684
1036000 -9.11026
1037000 -5.8309
1038000 -7.97237
1039000 -10.4456
1040000 -8.56508
1041000 -8.97012
1042000 -10.4835
1043000 -12.5282
1044000 -12.7124
1045000 -12.2799
1046000 -10.4449
1047000 -8.57905
1048000 -9.10265
1049000 -12.8187
1050000 -11.6386
1051000 -10.8056
1052000 -11.5129
1053000 -12.9153
1054000 -13.9957
1055000 -10.5341
1056000 -8.3414
1057000 -11.1274
1058000 -13.5708
1059000 -11.2332
1060000 -10.5983
1061000 -10.3742
1062000 -11.986
1063000 -12.1318
1064000 -16.2169
1065000 -15.4767
1066000 -13.5195
1067000 -15.2339
1068000 -14.4255
1069000 -16.4155
1070000 -18.3763
1071000 -16.745
1072000 -17.5687
1073000 -15.0843
1074000 -17.9638
1075000 -20.9019
1076000 -18.0035
1077000 -16.2368
1078000 -16.5934
1079000 -17.0027
1080000 -15.5265
1081000 -15.0062
1082000 -16.2188
1083000 -13.9153
1084000 -13.3011
1085000 -11.9335
1086000 -13.3847
1087000 -10.6206
1088000 -14.7747
1089000 -12.5132
1090000 -10.8009
1091000 -13.2028
1092000 -13.8236
1093000 -14.3692
1094000 -15.0092
1095000 -11.5518
1096000 -12.5198
1097000 -11.7417
1098000 -8.14155
1099000 -8.55889
1100000 -6.44548
1101000 -6.72014
1102000 -7.83846
1103000 -7.13689
1104000 -6.04704
1105000 -8.31765
1106000 -11.5323
1107000 -7.41197
1108000 -7.5147
1109000 -5.07761
1110000 -6.22126
1111000 -6.79555
1112000 -6.88292
1113000 -8.20615
1114000 -11.2768
1115000 -12.592
1116000 -8.04264
1117000 -6.72057
1118000 -5.59355
1119000 -5.64492
1120000 -7.93613
1121000 -7.53577
1122000 -10.0479
1123000 -11.3696
1124000 -9.78109
1125000 -8.90599
1126000 -5.89967
1127000 -6.69801
1128000 -7.41303
1129000 -10.1098
1130000 -13.0971
1131000 -12.841
1132000 -14.6079
1133000 -12.4917
1134000 -10.0447
1135000 -10.3198
1136000 -8.66674
1137000 -9.38411
1138000 -10.9317
1139000 -10.3139
1140000 -10.4159
1141000 -9.18734
1142000 -11.9431
1143000 -10.5422
1144000 -7.87449
1145000 -6.84854
1146000 -6.64608
1147000 -6.35725
1148000 -5.31668
1149000 -7.03674
1150000 -9.49369
1151000 -8.40724
1152000 -6.5463
1153000 -6.26091
1154000 -7.74554
1155000 -7.50909
1156000 -6.3944
1157000 -6.35781
1158000 -8.30875
1159000 -4.23359
1160000 -5.8854
1161000 -7.36996
1162000 -3.73652
1163000 -2.70054
1164000 -2.27872
1165000 -2.78032
1166000 -2.64161
1167000 -1.74042
1168000 0.635643
1169000 2.39404
1170000 4.71214
1171000 2.53147
1172000 3.45246
1173000 6.72718
1174000 5.60212
1175000 5.35358
1176000 6.44928
1177000 4.99818
1178000 7.08779
1179000 7.93887
1180000 7.38919
1181000 8.87993
1182000 7.50096
1183000 5.65063
1184000 6.56859
1185000 5.23876
1186000 7.14556
1187000 3.17009
1188000 3.26206
1189000 6.62087
1190000 5.41711
1191000 5.13667
1192000 4.38144
1193000 5.47958
1194000 6.96927
1195000 6.26389
1196000 4.25615
1197000 6.7727
1198000 4.816
1199000 3.53584
1200000 8.85818
1201000 10.2247
1202000 7.8639
1203000 6.64326
1204000 7.66561
1205000 4.54152
